 U-3
   1.6500278525393       1.6500269770122       1.6500254893276    
   1.6500213519133       1.6500158911704       1.6500091240254    
   1.6500010493426       1.6499916591104       1.6499809421680    
   1.6499688856943       1.6499554758826       1.6499406982756    
   1.6499245379428       1.6499069795794       1.6498880075615    
   1.6498676059772       1.6498457586415       1.6498224491003    
   1.6497976606264       1.6497713762074       1.6497435785255    
   1.6497142499290       1.6496833723902       1.6496509274497    
   1.6496168961362       1.6495812588559       1.6495439952328    
   1.6495050838775       1.6494645020399       1.6494222250771    
   1.6493782256093       1.6493324721307       1.6492849266233    
   1.6492355402397       1.6491842449905       1.6491309364503    
   1.6490754340264       1.6490173767489       1.6489580890671    
   1.6488993126906       1.6488385609076       1.6487758236772    
   1.6487110890337       1.6486443433158       1.6485755713469    
   1.6485047565749       1.6484318811803       1.6483569261570    
   1.6482798713737       1.6482006956169       1.6481193766168    
   1.6480358910476       1.6479502144789       1.6478623212262    
   1.6477721839960       1.6476797731281       1.6475850550672    
   1.6474879893586       1.6473885226968       1.6472865766107    
   1.6471820196466       1.6470751160689       1.6469667157168    
   1.6468558221683       1.6467424275369       1.6466265169577    
   1.6465080717521       1.6463870709609       1.6462634921087    
   1.6461373115785       1.6460085047799       1.6458770461935    
   1.6457429093373       1.6456060666728       1.6454664894581    
   1.6453241475393       1.6451798710618       1.6450325975777    
   1.6448823722800       1.6447292096650       1.6445731065458    
   1.6444140497654       1.6442520201766       1.6440869948262    
   1.6439189482131       1.6437478530440       1.6435736807015    
   1.6433964015445       1.6432159851049       1.6430324002191    
   1.6428456151189       1.6426555974945       1.6424623145395    
   1.6422657329827       1.6420658191119       1.6418625387907    
   1.6416558574711       1.6414457402027       1.6412321516389    
   1.6410150560418       1.6407944172851       1.6405701988555    
   1.6403423638535       1.6401108749933       1.6398756946015    
   1.6396367846150       1.6393941065791       1.6391476216433    
   1.6388972905578       1.6386430736680       1.6383849309083    
   1.6381228217945       1.6378567054147       1.6375865404172    
   1.6373122849964       1.6370338968730       1.6367513332698    
   1.6364645508775       1.6361735058081       1.6358781535289    
   1.6355784487641       1.6352743453474       1.6349657959873    
   1.6346527518827       1.6343351620560       1.6340129721328    
   1.6336861219413       1.6333545403550       1.6330181328487    
   1.6326767461845       1.6323304646303       1.6319802503207    
   1.6316251056350       1.6312649881214       1.6308998532433    
   1.6305296546050       1.6301543439215       1.6297738706669    
   1.6293881812274       1.6289972171742       1.6286009118390    
   1.6281991833870       1.6277919201287       1.6273790976875    
   1.6269608494703       1.6265371850397       1.6261081649632    
   1.6256739563121       1.6252349553952       1.6247920986321    
   1.6243477553407       1.6239087874569       1.6234999851927    
   1.6229589962695       1.6224622586603       1.6219768293978    
   1.6214870564096       1.6209902533563       1.6204868577129    
   1.6199792656900       1.6194645512849       1.6189428289614    
   1.6184143513303       1.6178791290425       1.6173371267939    
   1.6167882948202       1.6162325778234       1.6156699184959    
   1.6151002592540       1.6145235432068       1.6139397146769    
   1.6133487193292       1.6127505038276       1.6121450148659    
   1.6115321973777       1.6109119917267       1.6102843296425    
   1.6096491282910       1.6090062798553       1.6083556232934    
   1.6076967847958       1.6070287329818       1.6063554364098    
   1.6056796295389       1.6049797104955       1.6042740737270    
   1.6035662203002       1.6028480922026       1.6021218733669    
   1.6013871698258       1.6006436772802       1.5998912616138    
   1.5991298280636       1.5983592873212       1.5975795486761    
   1.5967905189915       1.5959921028232       1.5951842026804    
   1.5943667192369       1.5935395514754       1.5927025967784    
   1.5918557509828       1.5909989084100       1.5901319618798    
   1.5892548027122       1.5883673207223       1.5874694042087    
   1.5865609399384       1.5856418131276       1.5847119074200    
   1.5837711048612       1.5828192858704       1.5818563292055    
   1.5808821119205       1.5798965093061       1.5788993947932    
   1.5778906397633       1.5768701130459       1.5758376790544    
   1.5747932499929       1.5737366925186       1.5726678222191    
   1.5715865044229       1.5704925998175       1.5693859662962    
   1.5682664594065       1.5671339324790       1.5659882366588    
   1.5648292209001       1.5636567319441       1.5624706142874    
   1.5612707101458       1.5600568594143       1.5588288996246    
   1.5575866659007       1.5563299909134       1.5550587048329    
   1.5537726352811       1.5524716072824       1.5511554432145    
   1.5498239627582       1.5484769828480       1.5471143176206    
   1.5457357783655       1.5443411734752       1.5429303083970    
   1.5415029855827       1.5400590044428       1.5385981613006    
   1.5371202493478       1.5356250586033       1.5341123758735    
   1.5325819847164       1.5310336654088       1.5294671949194    
   1.5278823468877       1.5262788916128       1.5246565960556    
   1.5230152238619       1.5213545354198       1.5196742879702    
   1.5179742358044       1.5162541305923       1.5145137218841    
   1.5127527577220       1.5109709847915       1.5091681454617    
   1.5073439611671       1.5054981120020       1.5036261546768    
   1.5017405669870       1.4998251776685       1.4978913130017    
   1.4959389463485       1.4939566620954       1.4919553132635    
   1.4899819294711       1.4879092355596       1.4858042661119    
   1.4836928515125       1.4815626155785       1.4794088513572    
   1.4772299922973       1.4750249416720       1.4727933354005    
   1.4705350032606       1.4682496413472       1.4659368898109    
   1.4635979623411       1.4612306387120       1.4588347542824    
   1.4564101537315       1.4539565583881       1.4514736568322    
   1.4489611251557       1.4464186333792       1.4438458480378    
   1.4412424334588       1.4386080525243       1.4359423672151    
   1.4332450390566       1.4305157295246       1.4277541004408    
   1.4249598143704       1.4221325350315       1.4192719277193    
   1.4163776597471       1.4134494009050       1.4104868239232    
   1.4074896049526       1.4044574240482       1.4013899656498    
   1.3982869190499       1.3951479788380       1.3919728452999    
   1.3887612247424       1.3855128296856       1.3822273788042    
   1.3789045963421       1.3755442102188       1.3721459463729    
   1.3687095090683       1.3652344851958       1.3617207574849    
   1.3581693411142       1.3545788824897       1.3509492100611    
   1.3472801085894       1.3435712384908       1.3398226621182    
   1.3360348941792       1.3322096138441       1.3283577911071    
   1.3244709545365       1.3204776191282       1.3164864822307    
   1.3124539072242       1.3083829128219       1.3042698245372    
   1.3001155938043       1.2959202544984       1.2916837735392    
   1.2874061029676       1.2830871802784       1.2787269187020    
   1.2743251940477       1.2698818023677       1.2653954379837    
   1.2608698678531       1.2563018681514       1.2517718590743    
   1.2470367264557       1.2423410547678       1.2376037708097    
   1.2328233964045       1.2279986096364       1.2231371605725    
   1.2182308505578       1.2132813413443       1.2082887755692    
   1.2032530134416       1.1981738476109       1.1930510332844    
   1.1878842952398       1.1826733277785       1.1774177850946    
   1.1721172485944       1.1667711036479       1.1613764944485    
   1.1559403272295       1.1504568517365       1.1449212435687    
   1.1393398923533       1.1337101907729       1.1280318830753    
   1.1223045009384       1.1165276502392       1.1107010092290    
   1.1048243268842       1.0988974260761       1.0929202083855    
   1.0868926588072       1.0808148495010       1.0746869421733    
   1.0685091888918       1.0622819312654       1.0560055980205    
   1.0496807010820       1.0433078303299       1.0368876472531    
   1.0304208777582       1.0239083044063       1.0173507583550    
   1.0107491112605       1.0041042673472      0.99741715575452    
  0.99068872301031      0.98391992464616      0.97711171106805    
  0.97026497410126      0.96337984055349      0.95646010933975    
  0.94950500240636      0.94251487104121      0.93549112566881    
  0.92843524852545      0.92134686984658      0.91422775657256    
  0.90707879909543      0.89990128147623      0.89269647499274    
  0.88546530981963      0.87820855437387      0.87092701066228    
  0.86362156942416      0.85629316765522      0.84894269843599    
  0.84157175049040      0.83418218423747      0.82677048495703    
  0.81934200172996      0.81189647316069      0.80443509880121    
  0.79695812807730      0.78946649754173      0.78196085648908    
  0.77444142525711      0.76691428084730      0.75937396766878    
  0.75182286947835      0.74426189066147      0.73669173459425    
  0.72911302622076      0.72152632090356      0.71393208185392    
  0.70633061340583      0.69872186668279      0.69110674811786    
  0.68349454873168      0.67587302744965      0.66824616498103    
  0.66061471264775      0.65297903053095      0.64533935362847    
  0.63769584360493      0.63004860261133      0.62239767742754    
  0.61474306052087      0.60708468997052      0.59942244893652    
  0.59175616493524      0.58408560902361      0.57641049491682    
  0.56873047801092      0.56104515422227      0.55335405846631    
  0.54565666244270      0.53795237110353      0.53024051661139    
  0.52252034741549      0.51479100748712      0.50705149465685    
  0.49930057129434      0.49153655537144      0.48377642005167    
  0.47599657753316      0.46820066212837      0.46038907731246    
  0.45256125353095      0.44471635434846      0.43685345390918    
  0.42897159975971      0.42106984365516      0.41314726210422    
  0.40520297357213      0.39723615485605      0.38924605762375    
  0.38123202550183      0.37319351182145      0.36513009797691    
  0.35704151225060      0.34892764887781      0.34078858705602    
  0.33262460954412      0.32443622045086      0.31622416178931    
  0.30798942839102      0.29973328086174      0.29145725647151    
  0.28316317830598      0.27485316385143      0.26652963582623    
  0.25819534131867      0.24985339197767      0.24150735262734    
  0.23316144065352      0.22482099641605      0.21649371270447    
  0.20819388829193      0.19999999995060    
 U-P0
  -2.0320639272395      -2.0320691134548      -2.0320778044988    
  -2.0320900383522      -2.0321058533154      -2.0321252860740    
  -2.0321483742300      -2.0321751534066      -2.0322056603036    
  -2.0322399301658      -2.0322779977141      -2.0323198974220    
  -2.0323656622641      -2.0324153260299      -2.0324689211411    
  -2.0325264786225      -2.0325880296587      -2.0326536055800    
  -2.0327232348500      -2.0327969471691      -2.0328747699241    
  -2.0329567307781      -2.0330428563320      -2.0331331722118    
  -2.0332277034031      -2.0333264741348      -2.0334295075299    
  -2.0335368256638      -2.0336484508443      -2.0337644032988    
  -2.0338847029052      -2.0340093686682      -2.0341384190106    
  -2.0342718707980      -2.0344097407797      -2.0345520438568    
  -2.0346987953671      -2.0348500085674      -2.0350056972384    
  -2.0351658727013      -2.0353305472236      -2.0354997304385    
  -2.0356734332308      -2.0358516638225      -2.0360344312794    
  -2.0362217428919      -2.0364136057469      -2.0366100263345    
  -2.0368110107374      -2.0370165637141      -2.0372266908089    
  -2.0374413955578      -2.0376606823556      -2.0378845551022    
  -2.0381130159512      -2.0383460684825      -2.0385837154899    
  -2.0388259588799      -2.0390728038183      -2.0393242495047    
  -2.0395802999119      -2.0398409574409      -2.0401062248275    
  -2.0403761052876      -2.0406506027211      -2.0409297211008    
  -2.0412134636717      -2.0415018363419      -2.0417948442919    
  -2.0420924939681      -2.0423947923555      -2.0427017510665    
  -2.0430133730697      -2.0433296709816      -2.0436506565748    
  -2.0439763420582      -2.0443067416199      -2.0446418706124    
  -2.0449817458284      -2.0453263853706      -2.0456758100190    
  -2.0460300417326      -2.0463891031250      -2.0467530211463    
  -2.0471218225866      -2.0474955374229      -2.0478741974657    
  -2.0482578366064      -2.0486464908754      -2.0490401992138    
  -2.0494390017702      -2.0498429420404      -2.0502520652662    
  -2.0506664198183      -2.0510860549984      -2.0515110247070    
  -2.0519413836591      -2.0523771891894      -2.0528185012954    
  -2.0532653825649      -2.0537178972736      -2.0541761124332    
  -2.0546400969615      -2.0551099220756      -2.0555856610154    
  -2.0560673885775      -2.0565551852196      -2.0570491228573    
  -2.0575492849312      -2.0580557528156      -2.0585686085542    
  -2.0590879357042      -2.0596138195106      -2.0601463439671    
  -2.0606855942606      -2.0612316565093      -2.0617846148525    
  -2.0623445546953      -2.0629115596093      -2.0634857125115    
  -2.0640670945504      -2.0646557857763      -2.0652518637144    
  -2.0658554032634      -2.0664664770084      -2.0670851543182    
  -2.0677115004219      -2.0683455879116      -2.0689874534000    
  -2.0696371587255      -2.0702947515310      -2.0709602725401    
  -2.0716337574340      -2.0723152351420      -2.0730047268953    
  -2.0737022474495      -2.0744078033822      -2.0751213929179    
  -2.0758430056667      -2.0765726222235      -2.0773102139501    
  -2.0780557423786      -2.0788091587820      -2.0795704040574    
  -2.0803394077811      -2.0811160898666      -2.0819003574070    
  -2.0826921071202      -2.0834912234495      -2.0842975794221    
  -2.0851110427539      -2.0859314493937      -2.0867586424938    
  -2.0875924467982      -2.0884326762025      -2.0892791310762    
  -2.0901316019663      -2.0909898673635      -2.0918536951576    
  -2.0927228415712      -2.0935970540449      -2.0944760687307    
  -2.0953596145737      -2.0962474097105      -2.0971391664716    
  -2.0980345883399      -2.0989333734724      -2.0998352140814    
  -2.1007397976355      -2.1016468084017      -2.1025559277514    
  -2.1034668351349      -2.1043792102173      -2.1052927325691    
  -2.1062070844055      -2.1071219719488      -2.1080370433046    
  -2.1089520128480      -2.1098665821773      -2.1107804606181    
  -2.1116933668964      -2.1126050307284      -2.1135151927228    
  -2.1144236070813      -2.1153300412225      -2.1162342782573    
  -2.1171361280813      -2.1180353856053      -2.1189318938832    
  -2.1198255052750      -2.1207160902795      -2.1216035392736    
  -2.1224877620334      -2.1233686888008      -2.1242462690698    
  -2.1251204724358      -2.1259912878122      -2.1268587232535    
  -2.1277228044473      -2.1285835747503      -2.1294410937035    
  -2.1302954352741      -2.1311466870793      -2.1319949481940    
  -2.1328403276520      -2.1336829416678      -2.1345229119588    
  -2.1353603633188      -2.1361954205968      -2.1370282061562    
  -2.1378588374132      -2.1386874229916      -2.1395140607883    
  -2.1403388656422      -2.1411618437137      -2.1419830827904    
  -2.1428025787932      -2.1436203396784      -2.1444363322382    
  -2.1452504908466      -2.1460627166730      -2.1468728739310    
  -2.1476807891092      -2.1484862492298      -2.1492890010908    
  -2.1500887497461      -2.1508851595552      -2.1516778538718    
  -2.1524664161221      -2.1532503913870      -2.1540292887356    
  -2.1548025836609      -2.1555697219977      -2.1563301234340    
  -2.1570831871477      -2.1578282961387      -2.1585648245635    
  -2.1592921431682      -2.1600096277243      -2.1607166654728    
  -2.1614126834806      -2.1620970833793      -2.1627693566933    
  -2.1634290252370      -2.1640757106203      -2.1647089731975    
  -2.1653285690900      -2.1659342982135      -2.1665260512417    
  -2.1671038171247      -2.1676676902282      -2.1682178757435    
  -2.1687546946705      -2.1692785873761      -2.1697901153849    
  -2.1702899623778      -2.1707789323400      -2.1712579474478    
  -2.1717280427774      -2.1721903593600      -2.1726461571403    
  -2.1730967222283      -2.1735434723730      -2.1739878658742    
  -2.1744314038033      -2.1748756114800      -2.1753220188385    
  -2.1757721391064      -2.1762274469086      -2.1766894113204    
  -2.1771592559566      -2.1776382503376      -2.1781274836791    
  -2.1786278922253      -2.1791402386867      -2.1796650932193    
  -2.1802028168062      -2.1807535708009      -2.1813172165675    
  -2.1818934375670      -2.1824816532741      -2.1830810401043    
  -2.1836905369511      -2.1843088554947      -2.1849344948426    
  -2.1855657609258      -2.1862007905003      -2.1868375784594    
  -2.1874740370545      -2.1881079848150      -2.1887371003208    
  -2.1893592132844      -2.1899721125118      -2.1905736826875    
  -2.1911619084006      -2.1917349136624      -2.1922909880103    
  -2.1928286071030      -2.1933464450431      -2.1938433827824    
  -2.1943184830098      -2.1947710017286      -2.1952003388233    
  -2.1956060015756      -2.1959875503331      -2.1963445315221    
  -2.1966764722059      -2.1969825118781      -2.1972616960521    
  -2.1975126275261      -2.1977334027382      -2.1979214992692    
  -2.1980736599587      -2.1981857804158      -2.1982528036198    
  -2.1982686254350      -2.1982260163742      -2.1981166381294    
  -2.1979306775234      -2.1976573471451      -2.1972844735793    
  -2.1967987668159      -2.1961857904604      -2.1954300888910    
  -2.1945153170695      -2.1934243968783      -2.1921396975418    
  -2.1906432435244      -2.1889168733984      -2.1869425417197    
  -2.1847024719884      -2.1821793767882      -2.1793566426230    
  -2.1762184869369      -2.1727500791085      -2.1689376265962    
  -2.1647683660225      -2.1602305932485      -2.1553135405589    
  -2.1500072452428      -2.1443023579311      -2.1381898992751    
  -2.1316609802009      -2.1247065013024      -2.1173168119059    
  -2.1094814372371      -2.1011887696187      -2.0924258408850    
  -2.0831781584265      -2.0734296330512      -2.0631626184056    
  -2.0523580788900      -2.0409958990629      -2.0290553443792    
  -2.0165156594969      -2.0033568393923      -1.9895605025397    
  -1.9751108896759      -1.9599959400613      -1.9442084116429    
  -1.9277470017508      -1.9106174197770      -1.8928333599384    
  -1.8744173210126      -1.8554012222802      -1.8358267612631    
  -1.8157454888798      -1.7952185469975      -1.7743160662948    
  -1.7531162107722      -1.7317038792577      -1.7101690893793    
  -1.6886050852967      -1.6671062262946      -1.6457657267671    
  -1.6246733293226      -1.6039130004624      -1.5835607422646    
  -1.5636826108853      -1.5443330329465      -1.5255534908352    
  -1.5073716435832      -1.4898009253317      -1.4728406442939    
  -1.4564765816784      -1.4406820662946      -1.4254194775408    
  -1.4106421085347      -1.3962963035440      -1.3823237707199    
  -1.3686639632846      -1.3552564203204      -1.3420429623369    
  -1.3289696463960      -1.3159884013300      -1.3030582816594    
  -1.2901463024990      -1.2772278409269      -1.2642866136552    
  -1.2513142634413      -1.2383096064525      -1.2252776085166    
  -1.2122281689697      -1.1991747961285      -1.1861332581541    
  -1.1731202875348      -1.1601524072469      -1.1472449328363    
  -1.1344111883900      -1.1216619569548      -1.1090051687350    
  -1.0964458145972      -1.0839860590518      -1.0716255167832    
  -1.0593616503296      -1.0471902439241      -1.0351059094728    
  -1.0231025847843      -1.0111739907381     -0.99931402228688    
 -0.98751705714643     -0.97577817489789     -0.96409328729326    
 -0.95245918723607     -0.94087352885266     -0.92933475411507    
 -0.91784198266866     -0.90639488106867     -0.89499352587338    
 -0.88363827238239     -0.87232963767000     -0.86106820333862    
 -0.84985454043454     -0.83868915646365     -0.82757246255894    
 -0.81650475762593     -0.80548622569090     -0.79451694260173    
 -0.78359688855236     -0.77272596347583     -0.76190400304427    
 -0.75113079371669     -0.74040608590643     -0.72972960485272    
 -0.71910105915554     -0.70852014717544     -0.69798656162837    
 -0.68749999274801     -0.67706013037181     -0.66666666525839    
 -0.65631928988135     -0.64601769888282     -0.63576158931575    
 -0.62555066076100     -0.61538461537361     -0.60526315789114    
 -0.59518599562252     -0.58515283842762     -0.57516339869272    
 -0.56521739130433     -0.55531453362255     -0.54545454545454    
 -0.53563714902808     -0.52586206896552     -0.51612903225806    
 -0.50643776824034     -0.49678800856531     -0.48717948717949    
 -0.47761194029851     -0.46808510638298     -0.45859872611465    
 -0.44915254237288     -0.43974630021142     -0.43037974683544    
 -0.42105263157895     -0.41176470588235     -0.40251572327044    
 -0.39330543933054     -0.38413361169102     -0.37500000000000    
 -0.36590436590437     -0.35684647302905     -0.34782608695652    
 -0.33884297520661     -0.32989690721649     -0.32098765432099    
 -0.31211498973306     -0.30327868852459     -0.29447852760736    
 -0.28571428571429     -0.27698574338086     -0.26829268292683    
 -0.25963488843813     -0.25101214574899     -0.24242424242424    
 -0.23387096774194     -0.22535211267606     -0.21686746987952    
 -0.20841683366733     -0.20000000000000    
 U-P1
  -3.0930493343712      -3.0930469433188      -3.0930429358050    
  -3.0930372932798      -3.0930299969550      -3.0930210278293    
  -3.0930103666833      -3.0929979941047      -3.0929838904303    
  -3.0929680357822      -3.0929504100550      -3.0929309929197    
  -3.0929097638036      -3.0928867018938      -3.0928617861518    
  -3.0928349952701      -3.0928063078281      -3.0927757018690    
  -3.0927431554210      -3.0927086461816      -3.0926721518972    
  -3.0926336492321      -3.0925931153361      -3.0925505268224    
  -3.0925058600678      -3.0924590911491      -3.0924101958517    
  -3.0923591496867      -3.0923059278684      -3.0922505052986    
  -3.0921928565949      -3.0921329560515      -3.0920707776640    
  -3.0920062950827      -3.0919394816647      -3.0918703104198    
  -3.0917987540288      -3.0917247848356      -3.0916483748206    
  -3.0915694956402      -3.0914881185654      -3.0914042145141    
  -3.0913177540397      -3.0912287072824      -3.0911370440463    
  -3.0910427337094      -3.0909457452581      -3.0908460472729    
  -3.0907436079160      -3.0906383949296      -3.0905303756163    
  -3.0904195168350      -3.0903057850173      -3.0901891461217    
  -3.0900695656292      -3.0899470085478      -3.0898214394156    
  -3.0896928222610      -3.0895611216320      -3.0894262986221    
  -3.0892883166143      -3.0891471375207      -3.0890027227360    
  -3.0888550330610      -3.0887040287444      -3.0885496694400    
  -3.0883919141788      -3.0882307213897      -3.0880660488774    
  -3.0878978537958      -3.0877260926272      -3.0875507244909    
  -3.0873716983733      -3.0871889715927      -3.0870024978585    
  -3.0868122301290      -3.0866181206184      -3.0864201207596    
  -3.0862181811863      -3.0860122517370      -3.0858022814145    
  -3.0855882183632      -3.0853700098605      -3.0851476023045    
  -3.0849209411654      -3.0846899709877      -3.0844546353619    
  -3.0842148768861      -3.0839706371717      -3.0837218567922    
  -3.0834684752863      -3.0832104310948      -3.0829476615745    
  -3.0826801029370      -3.0824076902672      -3.0821303574430    
  -3.0818480371336      -3.0815606607912      -3.0812681585840    
  -3.0809704593921      -3.0806674907572      -3.0803591788763    
  -3.0800454485434      -3.0797262231617      -3.0794014246494    
  -3.0790709734547      -3.0787347917894      -3.0783927908633    
  -3.0780448893966      -3.0776910015556      -3.0773310398590    
  -3.0769649151271      -3.0765925364540      -3.0762138111741    
  -3.0758286448081      -3.0754369410470      -3.0750386016980    
  -3.0746335266585      -3.0742216138651      -3.0738027592733    
  -3.0733768567834      -3.0729437982473      -3.0725034733978    
  -3.0720557698114      -3.0716005728764      -3.0711377657508    
  -3.0706672293209      -3.0701888530248      -3.0697024924975    
  -3.0692080314038      -3.0687053411239      -3.0681942905885    
  -3.0676747462012      -3.0671465718169      -3.0666096286786    
  -3.0660637753972      -3.0655088679041      -3.0649447594069    
  -3.0643713003510      -3.0637883383697      -3.0631957182741    
  -3.0625932819621      -3.0619808684205      -3.0613583136619    
  -3.0607254506967      -3.0600821094790      -3.0594281168746    
  -3.0587632966021      -3.0580874692300      -3.0574004520804    
  -3.0567020663666      -3.0559921094164      -3.0552703950566    
  -3.0545367273298      -3.0537909068416      -3.0530327307133    
  -3.0522619925323      -3.0514784823285      -3.0506819864850    
  -3.0498722877178      -3.0490491650025      -3.0482123935362    
  -3.0473617446805      -3.0464969858776      -3.0456178806171    
  -3.0447241883730      -3.0438156645046      -3.0428920602280    
  -3.0419531225029      -3.0409985939827      -3.0400282129262    
  -3.0390417131039      -3.0380388237195      -3.0370192692976    
  -3.0359827695975      -3.0349290612307      -3.0338578129431    
  -3.0327687491986      -3.0316615695906      -3.0305359683643    
  -3.0293916342689      -3.0282282504209      -3.0270454941376    
  -3.0258430368210      -3.0246205437545      -3.0233776739449    
  -3.0221140909907      -3.0208294199879      -3.0195233098918    
  -3.0181953927604      -3.0168452933783      -3.0154726290800    
  -3.0140770095018      -3.0126580363747      -3.0112153032919    
  -3.0097483954262      -3.0082568893433      -3.0067403527173    
  -3.0051983440740      -3.0036304125586      -3.0020360976621    
  -3.0004149289564      -2.9987664258563      -2.9970900973392    
  -2.9953854417124      -2.9936519463350      -2.9918890874002    
  -2.9900963296857      -2.9882731263050      -2.9864189185082    
  -2.9845331354692      -2.9826151940870      -2.9806644987925    
  -2.9786804732055      -2.9766624362935      -2.9746097968547    
  -2.9725218817952      -2.9703980436864      -2.9682376094946    
  -2.9660398930203      -2.9638041948963      -2.9615298025888    
  -2.9592159904672      -2.9568620198848      -2.9544671392774    
  -2.9520305843247      -2.9495515781106      -2.9470293313155    
  -2.9444630424695      -2.9418518981950      -2.9391950734876    
  -2.9364917320432      -2.9337410265554      -2.9309420990809    
  -2.9280940814033      -2.9251960953950      -2.9222472534211    
  -2.9192466586741      -2.9161934056113      -2.9130865802703    
  -2.9099252794409      -2.9067085384532      -2.9034354367973    
  -2.9001050303403      -2.8967164121273      -2.8932685417950    
  -2.8897604944796      -2.8861912996485      -2.8825599803572    
  -2.8788655532426      -2.8751070283677      -2.8712834090573    
  -2.8673936916302      -2.8634368650456      -2.8594119104725    
  -2.8553178008013      -2.8511535000599      -2.8469179627456    
  -2.8426101331381      -2.8382289445027      -2.8337733394301    
  -2.8292421875287      -2.8246344025175      -2.8199488652788    
  -2.8151844414384      -2.8103399805236      -2.8054143152306    
  -2.8004062607143      -2.7953146140218      -2.7901382097277    
  -2.7848757028753      -2.7795258837132      -2.7740874742364    
  -2.7685591779584      -2.7629396804952      -2.7572276504438    
  -2.7514217405433      -2.7455206124944      -2.7395228491315    
  -2.7334270859398      -2.7272319302643      -2.7209359841635    
  -2.7145378474559      -2.7080361210379      -2.7014294104336    
  -2.6947163295730      -2.6878955047009      -2.6809655784099    
  -2.6739252411266      -2.6667731901296      -2.6595080506954    
  -2.6521286331751      -2.6446337065998      -2.6370221015926    
  -2.6292926822419      -2.6214443563065      -2.6134760767960    
  -2.6053868428915      -2.5971757001540      -2.5888417444443    
  -2.5803841020197      -2.5718019562344      -2.5630945246265    
  -2.5542610604351      -2.5453008482466      -2.5362131990418    
  -2.5269975180923      -2.5176530210793      -2.5081791213607    
  -2.4985751828977      -2.4888405642249      -2.4789746169437    
  -2.4689766814831      -2.4588460838919      -2.4485821339102    
  -2.4381841245582      -2.4276513352610      -2.4169831133354    
  -2.4061785532972      -2.3952370202543      -2.3841577359087    
  -2.3729400188141      -2.3615831975063      -2.3500866524648    
  -2.3384498333684      -2.3266722775111      -2.3147536298401    
  -2.3026936722152      -2.2904922905707      -2.2781495782267    
  -2.2656657904375      -2.2530413739729      -2.2402769772254    
  -2.2273734564901      -2.2143318778876      -2.2011535232903    
  -2.1878398459587      -2.1743925144455      -2.1608133554299    
  -2.1471043400381      -2.1332675597213      -2.1193051951656    
  -2.1052194854418      -2.0910127020592      -2.0766870947598    
  -2.0622449013902      -2.0476882996929      -2.0330193988084    
  -2.0182402329386      -2.0033527657702      -1.9883589072199    
  -1.9732605437213      -1.9580595829060      -1.9427580150340    
  -1.9273579755256      -1.9118618483445      -1.8962723509943    
  -1.8805926434028      -1.8648264385838      -1.8489781142414    
  -1.8330528206516      -1.8170565797109      -1.8009963697765    
  -1.7848801908738      -1.7687171060924      -1.7525172478780    
  -1.7362918019759      -1.7200529428074      -1.7038137364168    
  -1.6875880031666      -1.6713901426266      -1.6552349237388    
  -1.6391372446781      -1.6231118688906      -1.6071731450511    
  -1.5913347200375      -1.5756092549521      -1.5600081550218    
  -1.5445413224388      -1.5292169465375      -1.5140413349077    
  -1.4990187978292      -1.4841515902101      -1.4694399151444    
  -1.4548819903410      -1.4404741759686      -1.4262111597292    
  -1.4120861923502      -1.3980913643336      -1.3842179128405    
  -1.3704565461555      -1.3567977723574      -1.3432322186980    
  -1.3297509285173      -1.3163456244670      -1.3030089273967    
  -1.2897345239106      -1.2765172775148      -1.2633532814967    
  -1.2502398546209      -1.2371754835706      -1.2241597186030    
  -1.2111930309740      -1.1982766422001      -1.1854123360948    
  -1.1726022647015      -1.1598487587661      -1.1471541523087    
  -1.1345206292597      -1.1219500981591      -1.1094440987250    
  -1.0970037418422      -1.0846296823541      -1.0723221221260    
  -1.0600808392415      -1.0479052380727      -1.0357944142659    
  -1.0237472284972      -1.0117623830896     -0.99983849621320    
 -0.98797416930309     -0.97616804443541     -0.96441884959062    
 -0.95272543089908     -0.94108677202470     -0.92950200172555    
 -0.91797039129228     -0.90649134398672     -0.89506437878649    
 -0.88368911071217     -0.87236522980945     -0.86109248052868    
 -0.84987064284004     -0.83869951599279     -0.82757890541536    
 -0.81650861289170     -0.80548842986004     -0.79451813347317    
 -0.78359748493486     -0.77272622957625     -0.76190409814636    
 -0.75113080884447     -0.74040606970333     -0.72972958102474    
 -0.71910103766096     -0.70852013101744     -0.69798655071940    
 -0.68749998593476     -0.67706012637899     -0.66666666304614    
 -0.65631928871776     -0.64601769830058     -0.63576158903835    
 -0.62555066063515     -0.61538461531928     -0.60526315786885    
 -0.59518599561384     -0.58515283842442     -0.57516339869160    
 -0.56521739130396     -0.55531453362244     -0.54545454545451    
 -0.53563714902807     -0.52586206896552     -0.51612903225806    
 -0.50643776824034     -0.49678800856531     -0.48717948717949    
 -0.47761194029851     -0.46808510638298     -0.45859872611465    
 -0.44915254237288     -0.43974630021142     -0.43037974683544    
 -0.42105263157895     -0.41176470588235     -0.40251572327044    
 -0.39330543933054     -0.38413361169102     -0.37500000000000    
 -0.36590436590437     -0.35684647302905     -0.34782608695652    
 -0.33884297520661     -0.32989690721649     -0.32098765432099    
 -0.31211498973306     -0.30327868852459     -0.29447852760736    
 -0.28571428571429     -0.27698574338086     -0.26829268292683    
 -0.25963488843813     -0.25101214574899     -0.24242424242424    
 -0.23387096774194     -0.22535211267606     -0.21686746987952    
 -0.20841683366733     -0.20000000000000    
 U-P2
  -5.2321795737134      -5.2321635514381      -5.2321366985016    
  -5.2320988915399      -5.2320500064816      -5.2319899180493    
  -5.2319185007073      -5.2318356275046      -5.2317411708082    
  -5.2316350018427      -5.2315169913800      -5.2313870089420    
  -5.2312449232595      -5.2310906020957      -5.2309239123842    
  -5.2307447202911      -5.2305528907345      -5.2303482879179    
  -5.2301307751059      -5.2299002145719      -5.2296564678873    
  -5.2293993951880      -5.2291288559445      -5.2288447087376    
  -5.2285468110240      -5.2282350193400      -5.2279091890250    
  -5.2275691748000      -5.2272148299617      -5.2268460066152    
  -5.2264625564148      -5.2260643293703      -5.2256511745345    
  -5.2252229398891      -5.2247794720515      -5.2243206166877    
  -5.2238462180012      -5.2233561190733      -5.2228501619338    
  -5.2223281866027      -5.2217900325377      -5.2212355372576    
  -5.2206645369915      -5.2200768668117      -5.2194723598004    
  -5.2188508476484      -5.2182121605492      -5.2175561270215    
  -5.2168825737044      -5.2161913255986      -5.2154822059510    
  -5.2147550359423      -5.2140096348776      -5.2132458203832    
  -5.2124634073953      -5.2116622092362      -5.2108420367185    
  -5.2100026988701      -5.2091440025397      -5.2082657499850    
  -5.2073677433982      -5.2064497818064      -5.2055116609663    
  -5.2045531744825      -5.2035741128711      -5.2025742637870    
  -5.2015534115762      -5.2005113380364      -5.1994478210636    
  -5.1983626359488      -5.1972555539905      -5.1961263466237    
  -5.1949747721428      -5.1938005941465      -5.1926035696688    
  -5.1913834515653      -5.1901399888011      -5.1888729263919    
  -5.1875820049409      -5.1862669607581      -5.1849275254808    
  -5.1835634266863      -5.1821743868040      -5.1807601239052    
  -5.1793203509005      -5.1778547758240      -5.1763631016347    
  -5.1748450262330      -5.1733002420751      -5.1717284364204    
  -5.1701292907728      -5.1685024815361      -5.1668476791092    
  -5.1651645482088      -5.1634527479719      -5.1617119314260    
  -5.1599417456746      -5.1581418319956      -5.1563118253089    
  -5.1544513545068      -5.1525600423975      -5.1506375053677    
  -5.1486833536082      -5.1466971909995      -5.1446786150464    
  -5.1426272169365      -5.1405425847988      -5.1384242908362    
  -5.1362719100480      -5.1340850081879      -5.1318631444792    
  -5.1296058721427      -5.1273127379245      -5.1249832823087    
  -5.1226170397213      -5.1202135385329      -5.1177723009887    
  -5.1152928434167      -5.1127746762331      -5.1102173043100    
  -5.1076202266950      -5.1049829369440      -5.1023049232899    
  -5.0995856686795      -5.0968246509001      -5.0940213430677    
  -5.0911752129377      -5.0882857351562      -5.0853523480455    
  -5.0823745161697      -5.0793516902640      -5.0762833170620    
  -5.0731688396554      -5.0700076975045      -5.0667993268544    
  -5.0635431609016      -5.0602386296005      -5.0568851604394    
  -5.0534821783058      -5.0500291056032      -5.0465253625825    
  -5.0429703675754      -5.0393635368482      -5.0357042852565    
  -5.0319920257689      -5.0282261699467      -5.0244061282756    
  -5.0205313097399      -5.0166011222541      -5.0126149725188    
  -5.0085722733857      -5.0044724160171      -5.0003148102560    
  -4.9960988584867      -4.9918239619042      -4.9874895201579    
  -4.9830949314719      -4.9786395927003      -4.9741228985504    
  -4.9695442415486      -4.9649030120850      -4.9601985976396    
  -4.9554303827122      -4.9505977481663      -4.9457000711564    
  -4.9407367241288      -4.9357070747142      -4.9306104850589    
  -4.9254463110769      -4.9202139020235      -4.9149125996505    
  -4.9095417372964      -4.9041006395437      -4.8985886213673    
  -4.8930049869455      -4.8873490506649      -4.8816200520521    
  -4.8758172780961      -4.8699399821451      -4.8639874025739    
  -4.8579587615272      -4.8518532646744      -4.8456700997619    
  -4.8394084359045      -4.8330674225817      -4.8266461888998    
  -4.8201438537440      -4.8135594821849      -4.8068921470135    
  -4.8001408878774      -4.7933047202002      -4.7863826348305    
  -4.7793735974479      -4.7722765482766      -4.7650904017539    
  -4.7578140464076      -4.7504463446210      -4.7429861329767    
  -4.7354322222428      -4.7277833976024      -4.7200384191673    
  -4.7121960231435      -4.7042549213181      -4.6962138032977    
  -4.6880713365435      -4.6798261684473      -4.6714769267570    
  -4.6630222219364      -4.6544606481199      -4.6457907854721    
  -4.6370112017771      -4.6281204544835      -4.6191170931996    
  -4.6099996934286      -4.6007667352362      -4.5914168005770    
  -4.5819484040496      -4.5723601028897      -4.5626504484773    
  -4.5528180013994      -4.5428613337007      -4.5327790314301    
  -4.5225696969969      -4.5122319515056      -4.5017644364946    
  -4.4911658161327      -4.4804347788742      -4.4695700387708    
  -4.4585703365883      -4.4474344410114      -4.4361611490409    
  -4.4247492858848      -4.4131977054196      -4.4015052892555    
  -4.3896709458157      -4.3776936090393      -4.3655722367310    
  -4.3533058080865      -4.3408933214292      -4.3283337910003    
  -4.3156262621900      -4.3027697357950      -4.2897632685484    
  -4.2766059012665      -4.2632967144979      -4.2498346531905    
  -4.2362187702890      -4.2224480607673      -4.2085214960202    
  -4.1944380188931      -4.1801965392661      -4.1657959299131    
  -4.1512350224432      -4.1365126042372      -4.1216274155321    
  -4.1065781479106      -4.0913634426183      -4.0759818910707    
  -4.0604320350499      -4.0447123693030      -4.0288213654517    
  -4.0127573952757      -3.9965188541027      -3.9801040922155    
  -3.9635114413397      -3.9467392246538      -3.9297857677440    
  -3.9126494107459      -3.8953285221166      -3.8778215687411    
  -3.8601269148062      -3.8422431525110      -3.8241689150950    
  -3.8059029430302      -3.7874441007914      -3.7687913936775    
  -3.7499439835114      -3.7309012274073      -3.7116626021064    
  -3.6922278460465      -3.6725968868190      -3.6527698701772    
  -3.6327471663880      -3.6125293741842      -3.5921173218527    
  -3.5715120655141      -3.5507148842971      -3.5297272725562    
  -3.5085509566475      -3.4871878362901      -3.4656398854824    
  -3.4439093875567      -3.4219986846443      -3.3999102557933    
  -3.3776466634194      -3.3552105384150      -3.3326045579175    
  -3.3098314242383      -3.2868938459954      -3.2637945268165    
  -3.2405361347742      -3.2171213239791      -3.1935527127652    
  -3.1698328932159      -3.1459644423521      -3.1219499404298    
  -3.0977920699881      -3.0734933711400      -3.0490566753273    
  -3.0244849118609      -2.9997812114048      -2.9749489689108    
  -2.9499919071808      -2.9249141431592      -2.8997202551662    
  -2.8744153491947      -2.8490051239813      -2.8234960071778    
  -2.7978948798413      -2.7722096330155      -2.7464487728321    
  -2.7206216639685      -2.6947384284242      -2.6688099546462    
  -2.6428478629401      -2.6168644532900      -2.5908726368518    
  -2.5648858604815      -2.5389179554224      -2.5129831116154    
  -2.4870956967411      -2.4612701483903      -2.4355208500152    
  -2.4098620118404      -2.3843075618800      -2.3588710610036    
  -2.3335655930374      -2.3084037730449      -2.2833976881556    
  -2.2585589179301      -2.2338985812733      -2.2094274125384    
  -2.1851558712660      -2.1610942853373      -2.1372529874093    
  -2.1136425279028      -2.0902738314179      -2.0671583817981    
  -2.0443083844924      -2.0217369003491      -1.9994579378639    
  -1.9774864912657      -1.9558385128891      -1.9345308121006    
  -1.9135808581372      -1.8930065234888      -1.8728257100210    
  -1.8530559066126      -1.8337136680907      -1.8148140320188    
  -1.7963698913365      -1.7783913452326      -1.7608850543542    
  -1.7438536293063      -1.7272950841310      -1.7112023792110    
  -1.6955631001357      -1.6803592762328      -1.6655673790734    
  -1.6511585097292      -1.6370987847177      -1.6233499208551    
  -1.6098700094510      -1.5966144609781      -1.5835370916102    
  -1.5705913143896      -1.5577313903701      -1.5449136897880    
  -1.5320979082000      -1.5192481876762      -1.5063340855283    
  -1.4933313484458      -1.4802224515735      -1.4669968747169    
  -1.4536511000095      -1.4401883291865      -1.4266179330018    
  -1.4129546594362      -1.3992176403080      -1.3854292468593    
  -1.3716138531114      -1.3577965706771      -1.3440020198930    
  -1.3302531992015      -1.3165705089534      -1.3029709746823    
  -1.2894677035823      -1.2760695925374      -1.2627812908013    
  -1.2496034049473      -1.2365329194099      -1.2235637937606    
  -1.2106876886124      -1.1978947663265      -1.1851745108179    
  -1.1725165127622      -1.1599111721172      -1.1473502785598    
  -1.1348274414339      -1.1223383531926      -1.1098808830969    
  -1.0974550101182      -1.0850626146745      -1.0727071572985    
  -1.0603932780143      -1.0481263529230      -1.0359120441664    
  -1.0237558763804      -1.0116628674067     -0.99963723403310    
 -0.98768218560764     -0.97579981025763     -0.96399105083844    
 -0.95225576121990     -0.94059282852685     -0.92900034373365    
 -0.91747580163699     -0.90601631158978     -0.89461880221686    
 -0.88328020629487     -0.87199761564753     -0.86076839986017    
 -0.84959028646027     -0.83846140362088     -0.82738028918585    
 -0.81634587175526     -0.80535743067268     -0.79441454207057    
 -0.78351701777724     -0.77266484302632     -0.76185811771907    
 -0.75109700464757     -0.74038168674776     -0.72971233423949    
 -0.71908908150967     -0.70851201284807     -0.69798115566377    
 -0.68749647957225     -0.67705789971129     -0.66666528276630    
 -0.65631845441041     -0.64601720714129     -0.63576130778378    
 -0.62555050419380     -0.61538453092388     -0.60526311378448    
 -0.59518597335662     -0.58515282758433     -0.57516339360938    
 -0.56521738901551     -0.55531453263523     -0.54545454504760    
 -0.53563714886829     -0.52586206890593     -0.51612903223704    
 -0.50643776823335     -0.49678800856313     -0.48717948717885    
 -0.47761194029833     -0.46808510638294     -0.45859872611464    
 -0.44915254237288     -0.43974630021142     -0.43037974683544    
 -0.42105263157895     -0.41176470588235     -0.40251572327044    
 -0.39330543933054     -0.38413361169102     -0.37500000000000    
 -0.36590436590437     -0.35684647302905     -0.34782608695652    
 -0.33884297520661     -0.32989690721649     -0.32098765432099    
 -0.31211498973306     -0.30327868852459     -0.29447852760736    
 -0.28571428571429     -0.27698574338086     -0.26829268292683    
 -0.25963488843813     -0.25101214574899     -0.24242424242424    
 -0.23387096774194     -0.22535211267606     -0.21686746987952    
 -0.20841683366733     -0.20000000000000    
