 ================================
 = N
           1
 = L
           0
 = E
 -0.39489347884497    
 = K0
         500
 = JM
         525
 = AP
   1.0000000000000    
 = RAD0
 0.
 = RINT
   1.0000000000000    
 = irel
           0
 =====returned by WAVC3H=========
 = N
           1
 = L
           0
 = E
 -0.39489317043227    
 = EII
  8.89786957689939E-03
 = ACC
  5.00000000000000E-08
 = KX
         499
 = Y
   1.0000000000000       1.0000000000000       1.0000000631600    
   1.0000001662665       1.0000003049069       1.0000004777873    
   1.0000006844909       1.0000009249163       1.0000011990900    
   1.0000015070909       1.0000018490153       1.0000022249592    
   1.0000026350081       1.0000030792310       1.0000035576760    
   1.0000040703679       1.0000046173054       1.0000051984596    
   1.0000058137721       1.0000064631538       1.0000071464834    
   1.0000078636063       1.0000086143328       1.0000093984373    
   1.0000102156570       1.0000110656905       1.0000119481963    
   1.0000128627921       1.0000138090529       1.0000147865099    
   1.0000157946489       1.0000168329095       1.0000179006825    
   1.0000189973095       1.0000201220803       1.0000212742316    
   1.0000224529441       1.0000236573400       1.0000248864794    
   1.0000261393710       1.0000274149835       1.0000287122244    
   1.0000300299373       1.0000313668994       1.0000327218207    
   1.0000340933420       1.0000354800330       1.0000368803909    
   1.0000382928384       1.0000397157216       1.0000411473084    
   1.0000425857865       1.0000440292610       1.0000454757525    
   1.0000469231951       1.0000483694338       1.0000498122226    
   1.0000512492216       1.0000526779949       1.0000540960075    
   1.0000555006225       1.0000568890975       1.0000582585857    
   1.0000596061414       1.0000609287080       1.0000622231149    
   1.0000634860744       1.0000647141790       1.0000659038985    
   1.0000670515770       1.0000681534297       1.0000692055396    
   1.0000702038542       1.0000711441823       1.0000720221902    
   1.0000728333982       1.0000735731778       1.0000742367563    
   1.0000748192022       1.0000753154208       1.0000757201509    
   1.0000760279606       1.0000762332433       1.0000763302131    
   1.0000763129006       1.0000761751478       1.0000759106031    
   1.0000755127167       1.0000749747350       1.0000742896952    
   1.0000734504197       1.0000724495107       1.0000712793436    
   1.0000699320617       1.0000683995690       1.0000666735246    
   1.0000647453354       1.0000626061493       1.0000602468484    
   1.0000576580414       1.0000548300560       1.0000517529315    
   1.0000484164106       1.0000448099309       1.0000409226169    
   1.0000367432713       1.0000322603656       1.0000274620312    
   1.0000223360500       1.0000168698442       1.0000110504672    
   1.0000048645923      0.99999829850284      0.99999133808108    
  0.99998396879715      0.99997617569760      0.99996794339373    
  0.99995925604957      0.99995009736961      0.99994045058616    
  0.99993029844645      0.99991962319945      0.99990840658229    
  0.99989662980644      0.99988427354354      0.99987131791086    
  0.99985774245642      0.99984352614363      0.99982864733530    
  0.99981308377718      0.99979681258014      0.99977981020808    
  0.99976205247924      0.99974351453328      0.99972417081263    
  0.99970399504532      0.99968296022748      0.99966103860558    
  0.99963820165838      0.99961442007850      0.99958966375371    
  0.99956390174774      0.99953710228044      0.99950923270728    
  0.99948025950073      0.99945014823489      0.99941886356773    
  0.99938636922434      0.99935262798316      0.99931760166895    
  0.99928125116232      0.99924353645525      0.99920441686118    
  0.99916385121580      0.99912179445191      0.99907820134796    
  0.99903302610371      0.99898622185454      0.99893774054811    
  0.99888753293449      0.99883554860083      0.99878173588249    
  0.99872604183837      0.99866841223691      0.99860879153595    
  0.99854712286055      0.99848334798001      0.99841740728454    
  0.99834923976152      0.99827878297147      0.99820597302371    
  0.99813074455170      0.99805303068802      0.99797276303889    
  0.99788987165829      0.99780428502131      0.99771592999631    
  0.99762473181778      0.99753061405620      0.99743349858659    
  0.99733330555366      0.99722995332660      0.99712335844678    
  0.99701343573385      0.99690009828725      0.99678325679284    
  0.99666282004882      0.99653869508703      0.99641078687655    
  0.99627899833129      0.99614323026155      0.99600338131821    
  0.99585934794163      0.99571102431043      0.99555830228868    
  0.99540107137083      0.99523921862439      0.99507262863015    
  0.99490118342005      0.99472476241247      0.99454324234515    
  0.99435649720540      0.99416439815782      0.99396681346948    
  0.99376360843240      0.99355464528351      0.99333978312210    
  0.99311887782466      0.99289178195732      0.99265834468583    
  0.99241841168328      0.99217182503550      0.99191842314441    
  0.99165804062916      0.99139050822437      0.99111565268027    
  0.99083329665730      0.99054325862175      0.99024535273874    
  0.98993938876464      0.98962517194102      0.98930250288576    
  0.98897117748098      0.98863098676315      0.98828171681308    
  0.98792314864585      0.98755505810086      0.98717721573200    
  0.98678938669811      0.98639133065374      0.98598280164026    
  0.98556354797712      0.98513331215336      0.98469183071908    
  0.98423883417666      0.98377404687150      0.98329718688191    
  0.98280796590765      0.98230608915669      0.98179125522957    
  0.98126315600050      0.98072147649371      0.98016589475834    
  0.97959608173461      0.97901170111378      0.97841240918829    
  0.97779785470092      0.97716767867626      0.97652151424283    
  0.97585898644264      0.97517971202697      0.97448329923665    
  0.97376934756573      0.97303744750726      0.97228718027977    
  0.97151811753344      0.97072982103480      0.96992184232904    
  0.96909372237916      0.96824499118127      0.96737516735556    
  0.96648375771143      0.96557025679313      0.96463414639691    
  0.96367489506611      0.96269195756420      0.96168477432676    
  0.96065277089365      0.95959535732133      0.95851192753189    
  0.95740185839348      0.95626451022156      0.95509922473354    
  0.95390532548066      0.95268211725655      0.95142888436877    
  0.95014489167344      0.94882938807689      0.94748159264970    
  0.94610070055119      0.94468588618864      0.94323630153949    
  0.94175107496215      0.94022931049245      0.93867008726495    
  0.93707245905938      0.93543545390660      0.93375807370534    
  0.93203929387481      0.93027806319287      0.92847330323561    
  0.92662390807246      0.92472874397809      0.92278664913703    
  0.92079643333524      0.91875687763944      0.91666673405842    
  0.91452472518121      0.91232954378738      0.91007985242557    
  0.90777428295786      0.90541143607188      0.90298988075860    
  0.90050815376310      0.89796475901545      0.89535816705270    
  0.89268681444534      0.88994910323866      0.88714340047353    
  0.88426803775182      0.88132131091259      0.87830147984883    
  0.87520676850094      0.87203536506748      0.86878542247582    
  0.86545505915648      0.86204236016536      0.85854537869494    
  0.85496213800570      0.85129063387214      0.84752883748172    
  0.84367469888654      0.83972615098203      0.83568111402673    
  0.83153750081457      0.82729322262079      0.82294619517947    
  0.81849434538367      0.81393561846324      0.80926798556698    
  0.80448945180820      0.79959806477877      0.79459192388413    
  0.78946919188537      0.78422809992751      0.77886693958714    
  0.77338409838036      0.76777805981950      0.76204741188864    
  0.75619085500044      0.75020721105706      0.74409543243066    
  0.73785461101745      0.73148398749083      0.72498296085618    
  0.71835109842349      0.71158814629932      0.70469404047006    
  0.69766891844169      0.69051313311600      0.68322726826699    
  0.67581217207477      0.66826890042987      0.66059880569834    
  0.65280353369373      0.64488503702508      0.63684559136165    
  0.62868781380851      0.62041467503867      0.61202951264812    
  0.60353604195815      0.59493836365103      0.58624096770656    
  0.57744873302937      0.56856692220007      0.55960117086978    
  0.55055747143628      0.54144215077371      0.53226184185045    
  0.52302344904754      0.51373411149130      0.50440115679625    
  0.49503205107194      0.48563435026055      0.47621564636100    
  0.46678351361592      0.45734545540917      0.44790885325695    
  0.43848091924546      0.42906865317108      0.41967880549934    
  0.41031784706920      0.40099194623270      0.39170695385023    
  0.38246839626978      0.37328147611866      0.36415108044276    
  0.35508179545601      0.34607792692548      0.33714352502655    
  0.32828241236886      0.31949821382238      0.31079438676832    
  0.30217425045996      0.29364101330038      0.28519779701846    
  0.27684765694170      0.26859359780925      0.26043858482742    
  0.25238554992284      0.24443739334026      0.23659698087773    
  0.22886713902799      0.22125064530663      0.21375021687495    
  0.20636849845217      0.19910804972892      0.19197133222227    
  0.18496069782215      0.17807837831565      0.17132647664840    
  0.16470695994947      0.15822165419435      0.15187224050332    
  0.14566025299840      0.13958707800149      0.13365395426119    
  0.12786197389460      0.12221208405892      0.11670508867396    
  0.11134164810240      0.10612228205417      0.10104737011449    
  9.61171522457890E-02  9.13317285938605E-02  8.66910591995245E-02
  8.21949633303996E-02  7.78431186838355E-02  7.36350623887391E-02
  6.95701878703460E-02  6.56477445078455E-02  6.18668371787450E-02
  5.82264259108554E-02  5.47253258009752E-02  5.13622072511210E-02
  4.81355965441655E-02  4.50438767518786E-02  4.20852889709350E-02
  3.92579345847522E-02  3.65597800126341E-02  3.39886555204799E-02
  3.15422591383850E-02  2.92181604558368E-02  2.70138046266792E-02
  2.49265167815778E-02  2.29535068828005E-02  2.10918750349859E-02
  1.93386172598240E-02  1.76906317395639E-02  1.61447255316196E-02
  1.46976217536854E-02  1.33459672355284E-02  1.20863406299538E-02
  1.09152609713256E-02  9.82919666548167E-03  8.82457488990787E-03
  7.89779137764309E-03  7.04522055258585E-03  6.26322597766283E-03
  5.54817107068900E-03  4.89643003563240E-03  4.30439894920578E-03
  3.76850693371308E-03  3.28522733539607E-03  2.85108900747301E-03
  2.46268892972124E-03  2.11670078161260E-03  1.80988576261030E-03
  1.53910288519953E-03  1.30131859111599E-03  1.09361569922778E-03
  9.13201609126109E-04  7.57415665962112E-04  6.23735590379649E-04
  5.09782881544476E-04  4.13327108959101E-04  3.32289019428735E-04
  2.64742399064601E-04  2.08914646502602E-04  1.63186032461215E-04
  1.26087642154556E-04  9.62980205880428E-05  7.26385659312989E-05
  5.40677423743062E-05  3.96742103648038E-05  2.86689979876268E-05
  2.03768614390473E-05  1.42270039269642E-05  9.74333968303241E-06
  6.53450188292614E-06  4.28379894864950E-06  2.73932182960660E-06
  1.70439432652484E-06  1.02853801526860E-06  5.99090550622185E-07
  3.33565682807421E-07  1.72760795467054E-07  7.44629518996364E-08
  7.26112388685322E-09 0.
 =
 ================================
 = N
           2
 = L
           1
 = E
 -0.15193983018459    
 = K0
         500
 = JM
         525
 = AP
   1.0000000000000    
 = RAD0
 0.
 = RINT
   1.0000000000000    
 = irel
           0
 =====returned by WAVC3H=========
 = N
           2
 = L
           1
 = E
 -0.15193915163650    
 = EII
  4.03879660369177E-03
 = ACC
  5.00000000000000E-08
 = KX
         499
 = Y
  1.90839694656489E-03  3.82409177820268E-03  5.74710065333929E-03
  7.67745785967518E-03  9.61519476940495E-03  1.15603425351756E-02
  1.35129323120178E-02  1.54729952975674E-02  1.74405627415576E-02
  1.94156659477098E-02  2.13983362732267E-02  2.33886051273733E-02
  2.53865039696451E-02  2.73920643077154E-02  2.94053176952414E-02
  3.14262957295634E-02  3.34550300493144E-02  3.54915523319488E-02
  3.75358942911912E-02  3.95880876744090E-02  4.16481642599070E-02
  4.37161558541448E-02  4.57920942888744E-02  4.78760114181972E-02
  4.99679391155399E-02  5.20679092705452E-02  5.41759537858779E-02
  5.62921045739428E-02  5.84163935535134E-02  6.05488526462680E-02
  6.26895137732322E-02  6.48384088511241E-02  6.69955697885991E-02
  6.91610284823904E-02  7.13348168133395E-02  7.35169666423073E-02
  7.57075098059486E-02  7.79064781123120E-02  8.01139033363104E-02
  8.23298172161648E-02  8.45542514499096E-02  8.67872376891782E-02
  8.90288075342121E-02  9.12789925289026E-02  9.35378241557033E-02
  9.58053338304126E-02  9.80815528968232E-02  0.10036651262123    
  0.10266024418682      0.10496277868788      0.10727414712390    
  0.10959438039350      0.11192350928822      0.11426156448617    
  0.11660857654546      0.11896457589754      0.12132959284034    
  0.12370365753122      0.12608679997976      0.12847905004038    
  0.13088043740465      0.13329099159347      0.13571074194966    
  0.13813971763088      0.14057794760022      0.14302546061755    
  0.14548228523090      0.14794844976748      0.15042398232465    
  0.15290891076053      0.15540326268445      0.15790706544719    
  0.16042034613096      0.16294313153909      0.16547544818563    
  0.16801732228450      0.17056877973874      0.17312984613064    
  0.17570054670848      0.17828090637467      0.18087094967381    
  0.18347070078039      0.18608018348622      0.18869942118751    
  0.19132843687170      0.19396725310391      0.19661589201318    
  0.19927437527822      0.20194272411304      0.20462095925209    
  0.20730910093510      0.21000716889163      0.21271518232518    
  0.21543315989700      0.21816111970953      0.22089907928939    
  0.22364705557009      0.22640506487429      0.22917312289565    
  0.23195124468029      0.23473944460785      0.23753773637208    
  0.24034613296103      0.24316464663680      0.24599328891479    
  0.24883207054255      0.25168100147811      0.25454009086783    
  0.25740934702384      0.26028877740083      0.26317838857248    
  0.26607818620725      0.26898817504371      0.27190835886530    
  0.27483874047453      0.27777932166663      0.28073010320262    
  0.28369108478174      0.28666226501340      0.28964364138836    
  0.29263521024942      0.29563696676139      0.29864890488045    
  0.30167101732280      0.30470329553265      0.30774572964954    
  0.31079830847488      0.31386101943777      0.31693384855990    
  0.32001678041978      0.32310979811573      0.32621288323008    
  0.32932601579710      0.33244917425915      0.33558233542667    
  0.33872547443787      0.34187856471761      0.34504157793540    
  0.34821448396245      0.35139725082785      0.35458984467382    
  0.35779222970988      0.36100436816601      0.36422622024458    
  0.36745774407215      0.37069889565144      0.37394962881162    
  0.37720989515802      0.38047964402199      0.38375882241247    
  0.38704737497304      0.39034524395620      0.39365236925816    
  0.39696868845036      0.40029413537503      0.40362864156768    
  0.40697213604059      0.41032454503660      0.41368579192424    
  0.41705579713717      0.42043447813107      0.42382174928817    
  0.42721752184680      0.43062170383428      0.43403419999596    
  0.43745491172211      0.44088373697324      0.44432057020387    
  0.44776530228488      0.45121782042440      0.45467800808722    
  0.45814574491272      0.46162090663136      0.46510336497962    
  0.46859298761340      0.47208963801982      0.47559317542712    
  0.47910345471362      0.48262032631396      0.48614363612347    
  0.48967322539957      0.49320893065687      0.49675058355738    
  0.50029801087824      0.50385103442744      0.50740947060837    
  0.51097313059449      0.51454182030306      0.51811534015496    
  0.52169348498800      0.52527604394055      0.52886280033048    
  0.53245353153565      0.53604800887351      0.53964599747915    
  0.54324725618145      0.54685153737737      0.55045858690437    
  0.55406814391098      0.55767994072545      0.56129370272265    
  0.56490914818909      0.56852598818610      0.57214392641129    
  0.57576265905821      0.57938187467419      0.58300125401659    
  0.58662046990722      0.59023918708521      0.59385706205817    
  0.59747374295182      0.60108886935805      0.60470207218150    
  0.60831297348456      0.61192118633037      0.61552631462675    
  0.61912795296632      0.62272568646703      0.62631909061060    
  0.62990773108024      0.63349116359893      0.63706893376545    
  0.64064057688785      0.64420561781792      0.64776357078497    
  0.65131393922915      0.65485621563440      0.65838988136102    
  0.66191440647813      0.66542924959610      0.66893385769906    
  0.67242766597762      0.67591009766196      0.67938056385546    
  0.68283846336898      0.68628318255592      0.68971409514838    
  0.69313056209436      0.69653193139637      0.69991753795159    
  0.70328670339360      0.70663873593544      0.70997293021708    
  0.71328856715316      0.71658491378353      0.71986122312522    
  0.72311673403326      0.72635067105946      0.72956224431620    
  0.73275064934451      0.73591506698655      0.73905466326266    
  0.74216858925363      0.74525598098832      0.74831595933728    
  0.75134762991257      0.75435008297454      0.75732239334580    
  0.76026362033307      0.76317280765745      0.76604898339351    
  0.76889115991699      0.77169833386647      0.77446948611265    
  0.77720358174027      0.77989957004281      0.78255638453069    
  0.78517294295323      0.78774814733393      0.79028088398213    
  0.79277002331054      0.79521442085006      0.79761291618788    
  0.79996433397761      0.80226748412583      0.80452116104174    
  0.80672414522676      0.80887520698861      0.81097309540833    
  0.81301654409659      0.81500427466327      0.81693499607424    
  0.81880740442396      0.82062018312667      0.82237200321940    
  0.82406152377892      0.82568739239791      0.82724824567956    
  0.82874270977513      0.83016940110070      0.83152692671854    
  0.83281388496689      0.83402886613223      0.83517045314823    
  0.83623722232192      0.83722774409357      0.83814058383118    
  0.83897430266035      0.83972745833044      0.84039860611756    
  0.84098629976502      0.84148909246457      0.84190553787575    
  0.84223419118724      0.84247361022136      0.84262235658326    
  0.84267899685550      0.84264210383256      0.84251025783667    
  0.84228204805992      0.84195607396827      0.84153094676587    
  0.84100529092097      0.84037774575599      0.83964696710406    
  0.83881162903446      0.83787042564880      0.83682207294727    
  0.83566531075639      0.83439890477387      0.83302164863779    
  0.83153236609028      0.82992991318888      0.82821318056567    
  0.82638109583820      0.82443262629729      0.82236678114771    
  0.82018261400790      0.81787922545717      0.81545576559659    
  0.81291143672966      0.81024549622151      0.80745725995208    
  0.80454610783419      0.80151148258815      0.79835287513734    
  0.79506985429771      0.79166206031107      0.78812920695913    
  0.78447108312247      0.78068755543889      0.77677857079994    
  0.77274415877897      0.76858443403749      0.76429959871715    
  0.75988994482805      0.75535585662398      0.75069781292606    
  0.74591638925408      0.74101226147560      0.73598621028068    
  0.73083914416703      0.72557202434756      0.72018594559105    
  0.71468211760857      0.70906186376011      0.70332662293370    
  0.69747795421775      0.69151753567735      0.68544716600459    
  0.67926876550773      0.67298437639823      0.66659616242553    
  0.66010640779681      0.65351751530819      0.64683200361936    
  0.64005250361373      0.63318175378343      0.62622259446546    
  0.61917796052130      0.61205087713697      0.60484444918146    
  0.59756185012338      0.59020631556423      0.58278113250051    
  0.57528962903468      0.56773516401868      0.56012111685663    
  0.55245087769575      0.54472783821952      0.53695538324798    
  0.52913688333506      0.52127568852576      0.51337512340231    
  0.50543848350790      0.49746903319089      0.48947000486422    
  0.48144459962496      0.47339598913109      0.46532731858810    
  0.45724171065916      0.44914227008213      0.44103208875464    
  0.43291425103800      0.42479183903025      0.41666793757027    
  0.40854563875589      0.40042804578985      0.39231827600418    
  0.38421946294952      0.37613475740522      0.36806732710839    
  0.36002035782861      0.35199705059194      0.34400061869662    
  0.33603428498449      0.32810127864961      0.32020483048860    
  0.31234816942923      0.30453451857638      0.29676709162324    
  0.28904908948556      0.28138369694676      0.27377407948170    
  0.26622338044751      0.25873471868760      0.25131118647650    
  0.24395584773551      0.23667173703890      0.22946185856442    
  0.22232918122786      0.21527664045724      0.20830713591128    
  0.20142352973193      0.19462864393721      0.18792525806961    
  0.18131610635466      0.17480387471570      0.16839120174266    
  0.16208067023458      0.15587480442403      0.14977606634484    
  0.14378685168918      0.13790948540125      0.13214621704268    
  0.12649921592017      0.12097056590798      0.11556225991339    
  0.11027619587727      0.10511417852613      0.10007790338884    
  9.51689535067316E-02  9.03887945503204E-02  8.57387692170593E-02
  8.12200914405868E-02  7.68338405034160E-02  7.25809550920442E-02
  6.84622273241643E-02  6.44782967775285E-02  6.06296445525596E-02
  5.69165874043516E-02  5.33392719836887E-02  4.98976692309360E-02
  4.65915689710025E-02  4.34205747619665E-02  4.03840990542978E-02
  3.74813587217906E-02  3.47113710291487E-02  3.20729501043495E-02
  2.95647039859064E-02  2.71850323149517E-02  2.49321247375148E-02
  2.28039600685908E-02  2.07983062339405E-02  1.89127222291256E-02
  1.71445709512358E-02  1.54910086464005E-02  1.39489916313840E-02
  1.25152838666776E-02  1.11864650320327E-02  9.95893984380517E-03
  8.82894884136381E-03  7.79258073375436E-03  6.84578634849601E-03
  5.98439419375610E-03  5.20412761793313E-03  4.50062352256855E-03
  3.86945255412016E-03  3.30614066706781E-03  2.80619191511385E-03
  2.36511228917109E-03  1.97843438088391E-03  1.64174260926775E-03
  1.35069870650860E-03  1.10106711800808E-03  8.88739932450714E-04
  7.09760921053294E-04  5.60348232074916E-04  4.36915257409958E-04
  3.36089161754693E-04  2.54726538143392E-04  1.89925618641417E-04
  1.39034408592755E-04  9.96539918943976E-05  6.96360014538318E-05
  4.70727147815226E-05  3.02771057046759E-05  1.77477754178415E-05
  8.10845189039418E-06 0.
 =
 ================================
 = N
           3
 = L
           2
 = E
  2.79092198776558E-02
 = K0
         500
 = JM
         525
 = AP
   1.0000000000000    
 = RAD0
 0.
 = RINT
   1.0000000000000    
 = irel
           0
 =====returned by WAVC3H=========
 = N
           3
 = L
           2
 = E
  2.79113145360075E-02
 = EII
  1.55818439755312E-03
 = ACC
  5.00000000000000E-08
 = KX
         499
 = Y
  3.64197890565818E-06  1.46236779281173E-05  3.30291524375802E-05
  5.89433294186224E-05  9.24519220546046E-05  1.33641451000082E-04
  1.82599250756657E-04  2.39413475557161E-04  3.04173105180293E-04
  3.76967950742032E-04  4.57888660470744E-04  5.47026725466130E-04
  6.44474485440606E-04  7.50325134441201E-04  8.64672726549839E-04
  9.87612181559809E-04  1.11923929062605E-03  1.25965072188685E-03
  1.40894402605455E-03  1.56721764197249E-03  1.73457090213575E-03
  1.91110403817282E-03  2.09691818628538E-03  2.29211539264337E-03
  2.49679861873215E-03  2.71107174664890E-03  2.93503958434479E-03
  3.16880787080987E-03  3.41248328119713E-03  3.66617343188219E-03
  3.92998688545512E-03  4.20403315564051E-03  4.48842271214197E-03
  4.78326698540683E-03  5.08867837130687E-03  5.40477023573021E-03
  5.73165691907874E-03  6.06945374066377E-03  6.41827700299849E-03
  6.77824399607059E-03  7.14947300152709E-03  7.53208329653465E-03
  7.92619515762377E-03  8.33192986441967E-03  8.74940970324231E-03
  9.17875797056992E-03  9.62009897636047E-03  1.00735580472252E-02
  1.05392615294484E-02  1.10173367918467E-02  1.15079122284627E-02
  1.20111172610848E-02  1.25270823415885E-02  1.30559389540900E-02
  1.35978196169073E-02  1.41528578843198E-02  1.47211883481200E-02
  1.53029466389482E-02  1.58982694274024E-02  1.65072944249142E-02
  1.71301603843790E-02  1.77670071005336E-02  1.84179754101544E-02
  1.90832071920778E-02  1.97628453666458E-02  2.04570338950064E-02
  2.11659177781369E-02  2.18896430555622E-02  2.26283568037607E-02
  2.33822071342448E-02  2.41513431913085E-02  2.49359151494293E-02
  2.57360742103130E-02  2.65519725995740E-02  2.73837635630333E-02
  2.82316013626269E-02  2.90956412719391E-02  2.99760395715405E-02
  3.08729535433548E-02  3.17865414648703E-02  3.27169626029239E-02
  3.36643772070098E-02  3.46289465021037E-02  3.56108326809886E-02
  3.66101988960692E-02  3.76272092506588E-02  3.86620287897262E-02
  3.97148234900845E-02  4.07857602500090E-02  4.18750068782649E-02
  4.29827320825306E-02  4.41091054571994E-02  4.52542974705407E-02
  4.64184794512048E-02  4.76018235740531E-02  4.88045028452945E-02
  5.00266910869095E-02  5.12685629203432E-02  5.25302937494479E-02
  5.38120597426539E-02  5.51140378143502E-02  5.64364056054532E-02
  5.77793414631415E-02  5.91430244197376E-02  6.05276341707117E-02
  6.19333510517876E-02  6.33603560151261E-02  6.48088306045606E-02
  6.62789569298732E-02  6.77709176400686E-02  6.92848958956341E-02
  7.08210753397561E-02  7.23796400684694E-02  7.39607745997115E-02
  7.55646638412575E-02  7.71914930575064E-02  7.88414478350929E-02
  8.05147140472967E-02  8.22114778172194E-02  8.39319254797022E-02
  8.56762435419531E-02  8.74446186428541E-02  8.92372375109174E-02
  9.10542869208604E-02  9.28959536487644E-02  9.47624244257861E-02
  9.66538858903847E-02  9.85705245390236E-02  0.10051252667529    
  0.10248007835741      0.10447336534405      0.10649257303909    
  0.10853788643616      0.11060949005796      0.11270756789530    
  0.11483230334450      0.11698387914301      0.11916247730309    
  0.12136827904365      0.12360146472004      0.12586221375195    
  0.12815070454917      0.13046711443523      0.13281161956892    
  0.13518439486384      0.13758561390630      0.14001544887070    
  0.14247407043277      0.14496164768105      0.14747834802699    
  0.15002433711535      0.15259977873931      0.15520483477768    
  0.15783966512941      0.16050442707715      0.16319927576403    
  0.16592436402434      0.16867984219863      0.17146585800209    
  0.17428255640842      0.17713007953872      0.18000856652626    
  0.18291815338914      0.18585897290194      0.18883115446332    
  0.19183482396012      0.19487010362841      0.19793711191122    
  0.20103596331315      0.20416676825167      0.20732963290521    
  0.21052465905793      0.21375194394121      0.21701158007176    
  0.22030365508630      0.22362825157295      0.22698544689886    
  0.23037531303484      0.23379791637598      0.23725331755858    
  0.24074157127307      0.24426272607103      0.24781682416711    
  0.25140390127683      0.25502398642645      0.25867710158306    
  0.26236326158835      0.26608247399048      0.26983473876425    
  0.27362004810687      0.27743838621615      0.28128972906387    
  0.28517404416758      0.28909129035979      0.29304141755411    
  0.29702436650837      0.30104006858475      0.30508844550701    
  0.30916940911491      0.31328286111591      0.31742869283438    
  0.32160678495819      0.32581700728307      0.33005921845467    
  0.33433326570863      0.33863898460861      0.34297619878260    
  0.34734471965760      0.35174434619277      0.35617486461140    
  0.36063604813167      0.36512765669647      0.36964943670259    
  0.37420112072916      0.37878242726542      0.38339306043976    
  0.38803270974723      0.39270104977839      0.39739773994805    
  0.40212242422500      0.40687473086368      0.41165427213629    
  0.41646064406527      0.42129342615855      0.42615218114690    
  0.43103645472359      0.43594577528667      0.44087965368418    
  0.44583758296267      0.45081903811928      0.45582347585792    
  0.46085033434967      0.46589903299815      0.47096897221004    
  0.47605953317130      0.48117007762971      0.48629994768407    
  0.49144846558089      0.49661493351901      0.50179863346289    
  0.50699882696533      0.51221475499987      0.51744563780594    
  0.52269067474445      0.52794904416652      0.53321990329513    
  0.53850238812615      0.54379561334168      0.54909867224201    
  0.55441063669667      0.55973055711592      0.56505746244401    
  0.57039036017592      0.57572823639907      0.58107005586174    
  0.58641476206999      0.59176127741462      0.59710850333026    
  0.60245532048819      0.60780058902478      0.61314314880737    
  0.61848181973840      0.62381540210369      0.62914267696060    
  0.63446240657134      0.63977333488239      0.64507418805143    
  0.65036367502258      0.65564048815000      0.66090330383926    
  0.66615078306373      0.67138157291948      0.67659430647886    
  0.68178760441980      0.68696007600114      0.69211031927182    
  0.69723692331290      0.70233847236198      0.70741353722488    
  0.71246068118480      0.71747846401217      0.72246544243121    
  0.72742017096262      0.73234120314916      0.73722709289658    
  0.74207639593233      0.74688767133319      0.75165948308461    
  0.75639040169358      0.76107900597910      0.76572388457229    
  0.77032363765711      0.77487687876674      0.77938223662320    
  0.78383835702295      0.78824390477705      0.79259756571024    
  0.79689804872274      0.80114408791943      0.80533444481051    
  0.80946791058747      0.81354330848058      0.81755949619765    
  0.82151536844907      0.82540985956036      0.82924194617240    
  0.83301065002692      0.83671504082625      0.84035423920109    
  0.84392741972141      0.84743381397296      0.85087271368200    
  0.85424347387079      0.85754551602482      0.86077833124999    
  0.86394148339500      0.86703461211213      0.87005743582491    
  0.87300975456207      0.87589145268334      0.87870250136947    
  0.88144296091868      0.88411298277294      0.88671281124862    
  0.88924278506238      0.89170333877349      0.89409500335657    
  0.89641840665641      0.89867427350332      0.90086342546368    
  0.90298678036080      0.90504535165916      0.90704024821264    
  0.90897267607765      0.91084393253404      0.91265538464016    
  0.91440849777504      0.91610482317110      0.91774599504097    
  0.91933372693135      0.92086980922534      0.92235610632133    
  0.92379455355253      0.92518715383628      0.92653597397617    
  0.92784314052157      0.92911083504596      0.93034128865188    
  0.93153677537222      0.93269960642971      0.93383212443137    
  0.93493671969082      0.93601572065868      0.93707148067891    
  0.93810633700267      0.93912259021612      0.94012248624770    
  0.94110820083765      0.94208181521564      0.94304529495469    
  0.94400046779819      0.94494900095662      0.94589237857881    
  0.94683188002690      0.94776855962197      0.94870322856382    
  0.94963643974077      0.95056847610445      0.95149934303648    
  0.95242876466067      0.95335619164581      0.95428080622953    
  0.95520153343280      0.95611706629832      0.95702589079862    
  0.95792631700262      0.95881651465951      0.95969455228754    
  0.96055843864834      0.96140616529901      0.96223574879840    
  0.96304527108678      0.96383291656206      0.96459700444970    
  0.96533601520947      0.96604860993640      0.96673364199043    
  0.96739016041692      0.96801740508459      0.96861479384895    
  0.96918190242899      0.96971843803898      0.97022420812646    
  0.97069908580961      0.97114297376788      0.97155576840403    
  0.97193732605903      0.97228743292086      0.97260578002852    
  0.97289194443277      0.97314537698803      0.97336539654300    
  0.97355119709955      0.97370185376635      0.97381633545281    
  0.97389352405682      0.97393223636045      0.97393124328483    
  0.97388929252617      0.97380512755137      0.97367750371482    
  0.97350519969097      0.97328702252580      0.97302180626639    
  0.97270840475841      0.97234567925808      0.97193248152523    
  0.97146763340623      0.97094990648649      0.97037800026982    
  0.96975050471202      0.96906589165193      0.96832249270267    
  0.96751848347774      0.96665186865355      0.96572047331322    
  0.96472193716810      0.96365371316167      0.96251309234508    
  0.96129718231104      0.96000291874280      0.95862707474257    
  0.95716626878889      0.95561697178945      0.95397551267790    
  0.95223808184152      0.95040073132924      0.94845937093529    
  0.94640977539473      0.94424764079550      0.94196849226080    
  0.93956769407945      0.93704044647658      0.93438177580368    
  0.93158652240877      0.92864932685885      0.92556461466741    
  0.92232657949968      0.91892916471666      0.91536604302451    
  0.91163059390949      0.90771587845337      0.90361461103997    
  0.89931912737652      0.89482134815970      0.89011273761213    
  0.88518425599359      0.88002630504234      0.87462866511205    
  0.86898042250858      0.86306988514537      0.85688448400315    
  0.85041065671118      0.84363370710039      0.83653768680324    
  0.82910568700739      0.82131908871931      0.81315741290926    
  0.80459813186418      0.79561641285973      0.78618481489164    
  0.77627294085121      0.76584704277211      0.75486957652361    
  0.74329870211221      0.73108772610862      0.71818448362317    
  0.70453065885475      0.69006104579032      0.67470275450173    
  0.65837437418352      0.64098511229626      0.62243394087129    
  0.60260879747405      0.58138591123447      0.55862935603654    
  0.53419097647049      0.50791089150998      0.47961886130038    
  0.44913691057861      0.41628374632176      0.38088169698846    
  0.34276714684132      0.30180575117008      0.25791410176592    
  0.21108995817423      0.16145362895526      0.10930346889644    
  5.51884863098245E-02 0.
 =
