0.00190839694656488542
0.00382409177820267673
0.00574712643678160912
0.00767754318618042199
0.00961538461538461592
0.01156069364161849654
0.01351351351351351426
0.01547388781431334633
0.01744186046511627883
0.01941747572815533812
0.02140077821011673181
0.02339181286549707472
0.02539062500000000000
0.02739726027397260122
0.02941176470588235253
0.03143418467583496828
0.03346456692913386127
0.03550295857988165771
0.03754940711462450426
0.03960396039603960444
0.04166666666666666435
0.04373757455268389993
0.04581673306772908461
0.04790419161676646997
0.05000000000000000278
0.05210420841683366389
0.05421686746987951916
0.05633802816901408578
0.05846774193548386761
0.06060606060606060774
0.06275303643724695901
0.06490872210953346766
0.06707317073170732113
0.06924643584521385231
0.07142857142857142461
0.07361963190184049599
0.07581967213114754189
0.07802874743326489171
0.08024691358024690913
0.08247422680412370977
0.08471074380165288797
0.08695652173913043237
0.08921161825726141303
0.09147609147609148117
0.09375000000000000000
0.09603340292275573675
0.09832635983263599000
0.10062893081761006830
0.10294117647058823040
0.10526315789473683626
0.10759493670886076389
0.10993657505285411857
0.11228813559322034510
0.11464968152866242268
0.11702127659574468321
0.11940298507462686339
0.12179487179487179238
0.12419700214132761706
0.12660944206008584167
0.12903225806451612545
0.13146551724137930939
0.13390928725701944924
0.13636363636363635354
0.13882863340563991739
0.14130434782608694566
0.14379084967320260313
0.14628820960698690756
0.14879649890590809780
0.15131578947368420907
0.15384615384615385469
0.15638766519823787959
0.15894039735099338428
0.16150442477876106318
0.16407982261640799426
0.16666666666666665741
0.16926503340757237392
0.17187500000000000000
0.17449664429530201137
0.17713004484304933905
0.17977528089887639950
0.18243243243243242868
0.18510158013544017463
0.18778280542986425239
0.19047619047619046562
0.19318181818181817677
0.19589977220956719672
0.19863013698630135884
0.20137299771167047058
0.20412844036697247452
0.20689655172413792816
0.20967741935483871774
0.21247113163972286554
0.21527777777777779011
0.21809744779582365681
0.22093023255813953876
0.22377622377622377603
0.22663551401869158619
0.22950819672131148041
0.23239436619718309429
0.23529411764705882026
0.23820754716981132337
0.24113475177304963259
0.24407582938388625027
0.24703087885985747230
0.25000000000000000000
0.25298329355608589752
0.25598086124401914221
0.25899280575539568305
0.26201923076923078204
0.26506024096385544242
0.26811594202898553219
0.27118644067796610075
0.27427184466019416398
0.27737226277372262206
0.28048780487804880757
0.28361858190709043903
0.28676470588235292158
0.28992628992628993734
0.29310344827586204408
0.29629629629629627985
0.29950495049504949341
0.30272952853598017464
0.30597014925373133831
0.30922693266832917969
0.31250000000000000000
0.31578947368421050879
0.31909547738693466723
0.32241813602015112483
0.32575757575757574580
0.32911392405063288891
0.33248730964467004823
0.33587786259541985157
0.33928571428571430157
0.34271099744245525631
0.34615384615384614531
0.34961439588688947300
0.35309278350515466149
0.35658914728682172823
0.36010362694300518394
0.36363636363636364646
0.36718750000000000000
0.37075718015665798388
0.37434554973821987378
0.37795275590551180578
0.38157894736842107308
0.38522427440633244533
0.38888888888888889506
0.39257294429708222694
0.39627659574468082626
0.40000000000000002220
0.40374331550802139423
0.40750670241286862661
0.41129032258064518457
0.41509433962264152829
0.41891891891891891442
0.42276422764227644668
0.42663043478260870289
0.43051771117166209857
0.43442622950819670402
0.43835616438356161950
0.44230769230769229061
0.44628099173553720247
0.45027624309392266788
0.45429362880886425824
0.45833333333333331483
0.46239554317548747786
0.46648044692737428152
0.47058823529411764053
0.47471910112359549938
0.47887323943661969095
0.48305084745762710829
0.48725212464589234829
0.49147727272727270709
0.49572649572649574168
0.50000000000000000000
0.50429799426934096562
0.50862068965517237551
0.51296829971181556740
0.51734104046242779251
0.52173913043478259421
0.52616279069767446508
0.53061224489795921766
0.53508771929824561209
0.53958944281524923170
0.54411764705882348370
0.54867256637168138056
0.55325443786982253513
0.55786350148367958024
0.56250000000000000000
0.56716417910447758377
0.57185628742514971190
0.57657657657657657158
0.58132530120481928915
0.58610271903323263309
0.59090909090909093937
0.59574468085106380144
0.60060975609756095395
0.60550458715596333636
0.61042944785276076480
0.61538461538461541878
0.62037037037037034981
0.62538699690402477227
0.63043478260869567631
0.63551401869158874458
0.64062500000000000000
0.64576802507836994494
0.65094339622641506082
0.65615141955835964982
0.66139240506329111113
0.66666666666666662966
0.67197452229299359239
0.67731629392971248738
0.68269230769230770939
0.68810289389067524901
0.69354838709677424369
0.69902912621359225565
0.70454545454545458583
0.71009771986970682267
0.71568627450980393245
0.72131147540983608923
0.72697368421052632748
0.73267326732673265788
0.73841059602649006255
0.74418604651162789665
0.75000000000000000000
0.75585284280936460011
0.76174496644295297543
0.76767676767676762406
0.77364864864864868466
0.77966101694915257436
0.78571428571428569843
0.79180887372013653014
0.79794520547945202438
0.80412371134020621533
0.81034482758620685061
0.81660899653979235335
0.82291666666666662966
0.82926829268292678865
0.83566433566433562241
0.84210526315789469010
0.84859154929577462756
0.85512367491166074718
0.86170212765957443501
0.86832740213523129658
0.87500000000000000000
0.88172043010752687575
0.88848920863309355234
0.89530685920577612880
0.90217391304347827052
0.90909090909090906063
0.91605839416058398861
0.92307692307692312816
0.93014705882352943789
0.93726937269372689876
0.94444444444444441977
0.95167286245353155394
0.95895522388059706298
0.96629213483146070285
0.97368421052631581869
0.98113207547169811740
0.98863636363636364646
0.99619771863117867472
1.00381679389312972184
1.01149425287356331538
1.01923076923076916245
1.02702702702702697302
1.03488372093023262011
1.04280155642023353302
1.05078125000000000000
1.05882352941176471894
1.06692913385826781969
1.07509881422924902239
1.08333333333333325932
1.09163346613545808594
1.10000000000000008882
1.10843373493975905220
1.11693548387096774910
1.12550607287449389027
1.13414634146341453125
1.14285714285714279370
1.15163934426229497276
1.16049382716049387376
1.16942148760330577595
1.17842323651452285382
1.18750000000000000000
1.19665271966527186898
1.20588235294117640528
1.21518987341772155553
1.22457627118644074571
1.23404255319148936643
1.24358974358974361252
1.25321888412017168335
1.26293103448275867429
1.27272727272727270709
1.28260869565217383581
1.29257641921397370410
1.30263157894736836262
1.31277533039647575919
1.32300884955752207084
1.33333333333333325932
1.34375000000000000000
1.35426008968609856709
1.36486486486486491287
1.37556561085972850478
1.38636363636363646457
1.39726027397260277318
1.40825688073394506006
1.41935483870967749098
1.43055555555555558023
1.44186046511627896649
1.45327102803738328340
1.46478873239436624409
1.47641509433962259124
1.48815165876777255605
1.50000000000000000000
1.51196172248803817340
1.52403846153846145306
1.53623188405797095335
1.54854368932038832796
1.56097560975609761513
1.57352941176470584317
1.58620689655172419918
1.59900990099009909784
1.61194029850746267662
1.62500000000000000000
1.63819095477386933446
1.65151515151515160262
1.66497461928934020747
1.67857142857142860315
1.69230769230769229061
1.70618556701030921197
1.72020725388601025685
1.73437500000000000000
1.74869109947643974756
1.76315789473684203514
1.77777777777777767909
1.79255319148936176354
1.80748663101604267744
1.82258064516129025812
1.83783783783783793986
1.85326086956521729476
1.86885245901639351906
1.88461538461538458122
1.90055248618784533576
1.91666666666666674068
1.93296089385474867406
1.94943820224719099876
1.96610169491525432761
1.98295454545454541417
2.00000000000000000000
2.01724137931034475102
2.03468208092485536298
2.05232558139534893016
2.07017543859649144622
2.08823529411764718944
2.10650887573964507027
2.12500000000000000000
2.14371257485029920176
2.16265060240963835625
2.18181818181818165669
2.20121951219512190789
2.22085889570552152961
2.24074074074074092167
2.26086956521739113057
2.28125000000000000000
2.30188679245283012165
2.32278481012658222227
2.34394904458598718477
2.36538461538461541878
2.38709677419354848737
2.40909090909090917165
2.43137254901960764286
2.45394736842105265495
2.47682119205298034714
2.50000000000000000000
2.52348993288590595085
2.54729729729729736931
2.57142857142857161890
2.59589041095890404875
2.62068965517241370122
2.64583333333333348136
2.67132867132867124482
2.69718309859154947716
2.72340425531914887003
2.75000000000000000000
2.77697841726618710467
2.80434782608695654105
2.83211678832116797722
2.86029411764705887578
2.88888888888888883955
2.91791044776119390392
2.94736842105263141534
2.97727272727272707087
3.00763358778625944367
3.03846153846153832490
3.06976744186046524021
3.10156250000000000000
3.13385826771653563938
3.16666666666666651864
3.20000000000000017764
3.23387096774193549820
3.26829268292682906250
3.30327868852458994553
3.33884297520661155190
3.37500000000000000000
3.41176470588235281056
3.44915254237288149142
3.48717948717948722503
3.52586206896551734857
3.56521739130434767162
3.60526315789473672524
3.64601769911504414168
3.68750000000000000000
3.72972972972972982575
3.77272727272727292913
3.81651376146789012012
3.86111111111111116045
3.90654205607476656681
3.95283018867924518247
4.00000000000000000000
4.04807692307692335021
4.09708737864077665591
4.14705882352941213043
4.19801980198019819568
4.25000000000000000000
4.30303030303030276116
4.35714285714285676221
4.41237113402061886802
4.46875000000000000000
4.52631578947368407029
4.58510638297872308300
4.64516129032258096032
4.70652173913043458953
4.76923076923076916245
4.83333333333333303727
4.89887640449438244161
4.96590909090909082835
5.03448275862068950204
5.10465116279069786032
5.17647058823529437888
5.25000000000000000000
5.32530120481927671250
5.40243902439024381579
5.48148148148148184333
5.56250000000000000000
5.64556962025316444453
5.73076923076923083755
5.81818181818181834331
5.90789473684210530990
6.00000000000000000000
6.09459459459459473862
6.19178082191780809751
6.29166666666666696273
6.39436619718309895433
6.50000000000000000000
6.60869565217391308209
6.72058823529411775155
6.83582089552238780783
6.95454545454545414174
7.07692307692307664979
7.20312500000000000000
7.33333333333333303727
7.46774193548387099639
7.60655737704917989106
7.75000000000000000000
7.89830508474576298283
8.05172413793103380897
8.21052631578947433866
8.37500000000000000000
8.54545454545454497008
8.72222222222222143273
8.90566037735849036494
9.09615384615384670042
9.29411764705882426085
9.50000000000000000000
9.71428571428571352442
9.93750000000000000000
10.17021276595744616600
10.41304347826086917905
10.66666666666666607455
10.93181818181818165669
11.20930232558139572063
11.50000000000000000000
11.80487804878048763157
12.12500000000000000000
12.46153846153846167510
12.81578947368421061981
13.18918918918918947725
13.58333333333333392545
14.00000000000000000000
14.44117647058823550310
14.90909090909090828347
15.40625000000000000000
15.93548387096774199279
16.50000000000000000000
17.10344827586206761794
17.75000000000000000000
18.44444444444444286546
19.19230769230769340083
20.00000000000000000000
1.65002785253929995513
1.65002697701220002457
1.65002548932760007006
1.65002135191330001618
1.65001589117039992871
1.65000912402540000912
1.65000104934260005685
1.64999165911040002186
1.64998094216800006429
1.64996888569430000260
1.64995547588260005334
1.64994069827559997066
1.64992453794280002910
1.64990697957939991269
1.64988800756149989191
1.64986760597719994692
1.64984575864150007085
1.64982244910029995921
1.64979766062639998658
1.64977137620739999768
1.64974357852549990966
1.64971424992900006501
1.64968337239020002016
1.64965092744969998861
1.64961689613620010597
1.64958125885590001225
1.64954399523279993112
1.64950508387750005568
1.64946450203989991579
1.64942222507710001267
1.64937822560929991944
1.64933247213069988923
1.64928492662330006269
1.64923554023970009297
1.64918424499050009224
1.64913093645029995571
1.64907543402639999996
1.64901737674890003227
1.64895808906710006347
1.64889931269059997199
1.64883856090759994828
1.64877582367720010303
1.64871108903370000576
1.64864434331580000936
1.64857557134689991507
1.64850475657490003201
1.64843188118030004041
1.64835692615699991315
1.64827987137369991189
1.64820069561689996895
1.64811937661680008027
1.64803589104760006556
1.64795021447889999955
1.64786232122620002194
1.64777218399600000609
1.64767977312810010027
1.64758505506719998834
1.64748798935860008008
1.64738852269679991736
1.64728657661070010398
1.64718201964660004855
1.64707511606889989153
1.64696671571679997825
1.64685582216830006530
1.64674242753690003305
1.64662651695769990390
1.64650807175209989985
1.64638707096090008974
1.64626349210870004391
1.64613731157850007314
1.64600850477990001686
1.64587704619349994850
1.64574290933729994180
1.64560606667280007187
1.64546648945809992348
1.64532414753929989715
1.64517987106179996992
1.64503259757770003979
1.64488237227999989365
1.64472920966499991380
1.64457310654580002307
1.64441404976540006544
1.64425202017659999321
1.64408699482620002108
1.64391894821310002861
1.64374785304399995134
1.64357368070150000605
1.64339640154449995180
1.64321598510489996769
1.64303240021909990887
1.64284561511889992680
1.64265559749450007487
1.64246231453950009005
1.64226573298269995504
1.64206581911189997136
1.64186253879069998796
1.64165585747109998849
1.64144574020270006542
1.64123215163889990542
1.64101505604179997988
1.64079441728509989318
1.64057019885549992821
1.64034236385349996290
1.64011087499329999417
1.63987569460150006684
1.63963678461499995365
1.63939410657910000779
1.63914762164330007899
1.63889729055780009048
1.63864307366799999421
1.63838493090830006338
1.63812282179450008357
1.63785670541469996486
1.63758654041720008721
1.63731228499639991369
1.63703389687300004951
1.63675133326980004611
1.63646455087749997936
1.63617350580809994831
1.63587815352889998088
1.63557844876410007906
1.63527434534739990468
1.63496579598730007454
1.63465275188270009465
1.63433516205600004589
1.63401297213280005671
1.63368612194129991799
1.63335454035500005077
1.63301813284869989928
1.63267674618449998292
1.63233046463030007089
1.63198025032069993223
1.63162510563499996152
1.63126498812140008354
1.63089985324329989069
1.63052965460500010053
1.63015434392150004861
1.62977387066690004858
1.62938818122740003425
1.62899721717419998512
1.62860091183899990952
1.62819918338699998195
1.62779192012870010942
1.62737909768749999806
1.62696084947030006340
1.62653718503969990650
1.62610816496320009783
1.62567395631210009910
1.62523495539519990949
1.62479209863210005693
1.62434775534069997249
1.62390878745690003804
1.62349998519269989039
1.62295899626949990946
1.62246225866029991636
1.62197682939780007949
1.62148705640960000274
1.62099025335630009259
1.62048685771289990853
1.61997926569000005870
1.61946455128489996689
1.61894282896140007111
1.61841435133029998283
1.61787912904250008594
1.61733712679390007061
1.61678829482019992270
1.61623257782339990740
1.61566991849590002595
1.61510025925400002578
1.61452354320679991595
1.61393971467689989474
1.61334871932919998727
1.61275050382759999046
1.61214501486590000567
1.61153219737769992648
1.61091199172670007655
1.61028432964250001191
1.60964912829099993097
1.60900627985529998121
1.60835562329339998300
1.60769678479579991581
1.60702873298180004547
1.60635543640980005264
1.60567962953889997735
1.60497971049549992273
1.60427407372700003840
1.60356622030019990710
1.60284809220260004992
1.60212187336690004003
1.60138716982579998316
1.60064367728019996129
1.59989126161379990876
1.59912982806359993404
1.59835928732120002849
1.59757954867609996974
1.59679051899149992977
1.59599210282320003174
1.59518420268039995413
1.59436671923689998742
1.59353955147540005122
1.59270259677840009260
1.59185575098279996631
1.59099890841000002339
1.59013196187979999330
1.58925480271219998762
1.58836732072229991353
1.58746940420870008559
1.58656093993839997225
1.58564181312759999720
1.58471190742000000995
1.58377110486119998534
1.58281928587039999456
1.58185632920549990033
1.58088211192050009934
1.57989650930609992763
1.57889939479319996174
1.57789063976329990702
1.57687011304589996818
1.57583767905439997570
1.57479324999290004605
1.57373669251860004437
1.57266782221909995343
1.57158650442290004356
1.57049259981749989024
1.56938596629619997458
1.56826645940649989086
1.56713393247899990257
1.56598823665880004796
1.56482922090010001526
1.56365673194409993130
1.56247061428740008360
1.56127071014580010022
1.56005685941430005670
1.55882889962460002842
1.55758666590070005142
1.55632999091340007425
1.55505870483290009609
1.55377263528110010071
1.55247160728240007899
1.55115544321450005150
1.54982396275820000220
1.54847698284800006086
1.54711431762059992145
1.54573577836549991282
1.54434117347519994645
1.54293030839700007206
1.54150298558270004712
1.54005900444279997252
1.53859816130059989803
1.53712024934780000507
1.53562505860330000829
1.53411237587350002265
1.53258198471639994764
1.53103366540879992641
1.52946719491940008595
1.52788234688770008241
1.52627889161280005936
1.52465659605559999967
1.52301522386189991387
1.52135453541979992487
1.51967428797020009945
1.51797423580439994062
1.51625413059230007562
1.51451372188410005037
1.51275275772199990776
1.51097098479150004913
1.50916814546170008349
1.50734396116710001046
1.50549811200199989969
1.50362615467679994197
1.50174056698700009171
1.49982517766850009799
1.49789131300169997552
1.49593894634849999825
1.49395666209539990099
1.49195531326349994927
1.48998192947110008610
1.48790923555959997415
1.48580426611189997388
1.48369285151250007715
1.48156261557849999733
1.47940885135719990551
1.47722999229730000970
1.47502494167200004505
1.47279333540050005880
1.47053500326059993775
1.46824964134719992970
1.46593688981089997903
1.46359796234109995616
1.46123063871199998509
1.45883475428240005911
1.45641015373149995682
1.45395655838810000660
1.45147365683219997656
1.44896112515569996937
1.44641863337919995836
1.44384584803780002815
1.44124243345880009848
1.43860805252429990730
1.43594236721509993515
1.43324503905660005643
1.43051572952460004373
1.42775410044080008909
1.42495981437040009077
1.42213253503149994472
1.41927192771929999715
1.41637765974710005956
1.41344940090500004182
1.41048682392320001711
1.40748960495260000414
1.40445742404819995386
1.40138996564979989579
1.39828691904990010109
1.39514797883799990252
1.39197284529990006341
1.38876122474239993565
1.38551282968560007802
1.38222737880420010192
1.37890459634210005291
1.37554421021880002307
1.37214594637289999390
1.36870950906829991212
1.36523448519580004046
1.36172075748489995739
1.35816934111419995723
1.35457888248970004241
1.35094921006110002537
1.34728010858939994954
1.34357123849080006828
1.33982266211819989188
1.33603489417919996107
1.33220961384409997130
1.32835779110710006101
1.32447095453650010022
1.32047761912819994201
1.31648648223070008356
1.31245390722420007812
1.30838291282190000153
1.30426982453719997324
1.30011559380430008481
1.29592025449840009266
1.29168377353919994199
1.28740610296760005227
1.28308718027840007458
1.27872691870200005937
1.27432519404770006055
1.26988180236770009657
1.26539543798370002214
1.26086986785310006809
1.25630186815139999190
1.25177185907430010836
1.24703672645570007305
1.24234105476779999044
1.23760377080970007668
1.23282339640449989382
1.22799860963639995148
1.22313716057250010394
1.21823085055779989361
1.21328134134429999058
1.20828877556920000202
1.20325301344159996120
1.19817384761090006684
1.19305103328439998656
1.18788429523980010316
1.18267332777849998315
1.17741778509459993352
1.17211724859440002966
1.16677110364790004304
1.16137649444850010738
1.15594032722949990877
1.15045685173649991917
1.14492124356869995339
1.13933989235330002110
1.13371019077289991728
1.12803188307530000145
1.12230450093840006254
1.11652765023920008680
1.11070100922899994700
1.10482432688419995870
1.09889742607609997016
1.09292020838550008044
1.08689265880720009605
1.08081484950099993014
1.07468694217330007490
1.06850918889179991034
1.06228193126539993685
1.05600559802050009139
1.04968070108199995616
1.04330783032989993231
1.03688764725309989778
1.03042087775820001561
1.02390830440629998499
1.01735075835500010655
1.01074911126050004384
1.00410426734720004127
0.99741715575451994624
0.99068872301030996841
0.98391992464615996017
0.97711171106804994846
0.97026497410126000265
0.96337984055349001888
0.95646010933975000867
0.94950500240636004357
0.94251487104121001170
0.93549112566880998632
0.92843524852545000758
0.92134686984657998554
0.91422775657255994641
0.90707879909542998842
0.89990128147623005272
0.89269647499273996338
0.88546530981963000873
0.87820855437387002063
0.87092701066227995454
0.86362156942416001826
0.85629316765522001109
0.84894269843599001746
0.84157175049040000570
0.83418218423747003687
0.82677048495702998299
0.81934200172995996780
0.81189647316069002425
0.80443509880121000233
0.79695812807730004312
0.78946649754173003899
0.78196085648907998067
0.77444142525711001657
0.76691428084729995618
0.75937396766877995891
0.75182286947834997548
0.74426189066146997142
0.73669173459424996953
0.72911302622076001878
0.72152632090355994787
0.71393208185391998644
0.70633061340583003229
0.69872186668279001598
0.69110674811785999250
0.68349454873168002944
0.67587302744965005452
0.66824616498102995532
0.66061471264774995760
0.65297903053094996650
0.64533935362846994721
0.63769584360493003494
0.63004860261132999977
0.62239767742754004143
0.61474306052087002161
0.60708468997052000837
0.59942244893651996929
0.59175616493523996997
0.58408560902360995293
0.57641049491681994876
0.56873047801092002640
0.56104515422226997057
0.55335405846631002813
0.54565666244269994678
0.53795237110353000265
0.53024051661139004477
0.52252034741549002739
0.51479100748712003366
0.50705149465684995480
0.49930057129434002317
0.49153655537143997600
0.48377642005166998640
0.47599657753315999242
0.46820066212837002650
0.46038907731245998223
0.45256125353095000285
0.44471635434846001900
0.43685345390918001174
0.42897159975970999835
0.42106984365515998103
0.41314726210421998109
0.40520297357212997635
0.39723615485605001663
0.38924605762374997475
0.38123202550182999637
0.37319351182144999690
0.36513009797690998415
0.35704151225059999053
0.34892764887781002603
0.34078858705601999812
0.33262460954411998681
0.32443622045086001338
0.31622416178931000985
0.30798942839102000368
0.29973328086174000351
0.29145725647150999560
0.28316317830597997895
0.27485316385142999351
0.26652963582623001582
0.25819534131867000193
0.24985339197767000852
0.24150735262733999398
0.23316144065352001347
0.22482099641604999518
0.21649371270446998716
0.20819388829193000157
0.19999999995059999924
-3.80139783874774161987
-3.80138768141914829002
-3.80137065742842983340
-3.80134668801960939888
-3.80131569360080989739
-3.80127759373536289189
-3.80123230713282422855
-3.80117975163989108012
-3.80111984423123949739
-3.80105250100025804372
-3.80097763714969971716
-3.80089516698222729119
-3.80080500389087427848
-3.80070706034940464235
-3.80060124790257747307
-3.80048747715632018185
-3.80036565776779289294
-3.80023569843536845880
-3.80009750688850056477
-3.79995098987750701269
-3.79979605316323443276
-3.79963260150664261516
-3.79946053865827160223
-3.79927976734761152500
-3.79909018927237829288
-3.79889170508767115564
-3.79868421439503745063
-3.79846761573143343327
-3.79824180655806697970
-3.79800668324915458030
-3.79776214108055398810
-3.79750807421830582911
-3.79724437570705264378
-3.79697093745836422585
-3.79668765023894483335
-3.79639440365874003547
-3.79609108615892676397
-3.79577758499979767137
-3.79545378624853801952
-3.79511957476688799318
-3.79477483419869532355
-3.79441944695735866588
-3.79405329421315951066
-3.79367625588047907570
-3.79328821060490772865
-3.79288903575024027859
-3.79247860738535669256
-3.79205680027099578666
-3.79162348784641078936
-3.79117854221591388253
-3.79072183413530705565
-3.79025323299820371403
-3.78977260682223215937
-3.78927982223512760385
-3.78877474446071227376
-3.78825723730476360274
-3.78772716314076340893
-3.78718438289554404363
-3.78662875603481419162
-3.78606014054857586970
-3.78547839293642729430
-3.78488336819275872358
-3.78427491979183550086
-3.78365289967276208216
-3.78301715822435058456
-3.78236754426987342725
-3.78170390505169651263
-3.78102608621582625403
-3.78033393179632604131
-3.77962728419964344440
-3.77890598418882461829
-3.77816987086762257064
-3.77741878166450195664
-3.77665255231655150325
-3.77587101685327519718
-3.77507400758030753352
-3.77426135506300530764
-3.77343288810996391192
-3.77258843375642571871
-3.77172781724759520472
-3.77085086202186925419
-3.76995738969396709805
-3.76904722003797854057
-3.76812017097032381230
-3.76717605853263037829
-3.76621469687452758990
-3.76523589823635385088
-3.76423947293180560791
-3.76322522933049130600
-3.76219297384042450361
-3.76114251089045037446
-3.76007364291259804645
-3.75898617032437876162
-3.75787989151102008734
-3.75675460280764417220
-3.75561009848139892853
-3.75444617071353414772
-3.75326260958144430901
-3.75205920304065321247
-3.75083573690678440116
-3.74959199483748362169
-3.74832775831432396529
-3.74704280662468480756
-3.74573691684361609333
-3.74440986381569285157
-3.74306142013685905212
-3.74169135613627901193
-3.74029943985818436047
-3.73888543704374365362
-3.73744911111294531025
-3.73599022314650319743
-3.73450853186779818671
-3.73300379362485923451
-3.73147576237238931540
-3.72992418965384375795
-3.72834882458357164126
-3.72674941382903446296
-3.72512570159309408524
-3.72347742959639127491
-3.72180433705982816051
-3.72010616068714616844
-3.71838263464762697197
-3.71663349055892400230
-3.71485845747001830475
-3.71305726184433826376
-3.71122962754302232469
-3.70937527580836468033
-3.70749392524744125765
-3.70558529181592177792
-3.70364908880210519371
-3.70168502681116473596
-3.69969281374963099296
-3.69767215481012279099
-3.69562275245634674903
-3.69354430640836861599
-3.69143651362818481232
-3.68929906830559595221
-3.68713166184441565321
-3.68493398284901862993
-3.68270571711124850012
-3.68044654759770573094
-3.67815615443743437751
-3.67583421491002759751
-3.67348040343416348819
-3.67109439155659877940
-3.66867584794165058071
-3.66622443836116485016
-3.66373982568501288526
-3.66122166987212604994
-3.65866962796211581121
-3.65608335406745865725
-3.65346249936632272437
-3.65080671209602414251
-3.64811563754715839636
-3.64538891805841869242
-3.64262619301215240242
-3.63982709883065691514
-3.63699126897326552310
-3.63411833393423888694
-3.63120792124150959523
-3.62825965545629047782
-3.62527315817359729877
-3.62224804802371380674
-3.61918394067462578789
-3.61608044883547252724
-3.61293718226104543234
-3.60975374775737067878
-3.60652974918841007224
-3.60326478748393208562
-3.59995846064858238122
-3.59661036377219556215
-3.59322008904139433838
-3.58978722575252007232
-3.58631136032593511587
-3.58279207632174312437
-3.57922895445697664130
-3.57562157262429813898
-3.57196950591225981242
-3.56827232662718207834
-3.56452960431668541830
-3.56074090579494528797
-3.55690579516971405738
-3.55302383387116149649
-3.54909458068260219576
-3.54511759177315211033
-3.54109242073238172921
-3.53701861860702759799
-3.53289573393981148897
-3.52872331281044271378
-3.52450089887885686935
-3.52022803343076207128
-3.51590425542555351512
-3.51152910154667230458
-3.50710210625446139332
-3.50262280184160879060
-3.49809071849122910081
-3.49350538433767665580
-3.48886632553013997793
-3.48417306629911527338
-3.47942512902582290479
-3.47462203431464500269
-3.46976330106867303371
-3.46484844656842438937
-3.45987698655383768553
-3.45484843530961116542
-3.44976230575396236588
-3.44461810953091784882
-3.43941535710619872290
-3.43415355786679610262
-3.42883222022432487819
-3.42345085172225083170
-3.41800895914707014711
-3.41250604864354523116
-3.40694162583408166611
-3.40131519594234310588
-3.39562626392119559782
-3.38987433458508613526
-3.38405891274693448878
-3.37817950335965022646
-3.37223561166236640574
-3.36622674333148763637
-3.36015240463664710546
-3.35401210260168225474
-3.34780534517070949008
-3.34153164137942004785
-3.33519050153166851658
-3.32878143738148102315
-3.32230396232056124362
-3.31575759157139238198
-3.30914184238605457722
-3.30245623425082079905
-3.29570028909665779793
-3.28887353151570804854
-3.28197548898385660365
-3.27500569208946412658
-3.26796367476837046340
-3.26084897454525091121
-3.25366113278140245413
-3.24639969492906788062
-3.23906421079235329330
-3.23165423479483715496
-3.22416932625394236922
-3.21660904966213534451
-3.20897297497503686259
-3.20126067790649226907
-3.19347174023068047788
-3.18560575009130220181
-3.17766230231791135807
-3.16964099874942073498
-3.16154144856484053960
-3.15336326862127203086
-3.14510608379918021882
-3.13676952735498337788
-3.12835324128095271234
-3.11985687667243860588
-3.11128009410242301058
-3.10262256400337310680
-3.09388396705638868411
-3.08506399458760371957
-3.07616234897179996466
-3.06717874404319035264
-3.05811290551328518461
-3.04896457139579268869
-3.03973349243843893319
-3.03041943256162094045
-3.02102216930376199500
-3.01154149427324924204
-3.00197721360679858904
-2.99232914843407993288
-2.98259713534842640925
-2.97278102688342871218
-2.96288069199519377150
-2.95289601655003242087
-2.94282690381731626417
-2.93267327496723373415
-2.92243506957313581296
-2.91211224611815877594
-2.90170478250577090762
-2.89121267657388214545
-2.88063594661211430648
-2.86997463188182067029
-2.85922879313840239135
-2.84839851315545411481
-2.83748389725022898133
-2.82648507380990210436
-2.81540219481807163504
-2.80423543638089212138
-2.79298499925224952278
-2.78165110935728687735
-2.77023401831362514613
-2.75873400394954559900
-2.74715137081838722821
-2.73548645070836160542
-2.72373960314697693974
-2.71191121589920935975
-2.70000170545851947423
-2.68801151752979716747
-2.67594112750326384997
-2.66379104091832674683
-2.65156179391635671294
-2.63925395368129978024
-2.62686811886702331620
-2.61440492001024171742
-2.60186501992784169346
-2.58924911409738145451
-2.57655793101951280377
-2.56379223256104404882
-2.55095281427730391499
-2.53804050571247241663
-2.52505617067647802898
-2.51200070749705650641
-2.49887504924552095176
-2.48568016393478075088
-2.47241705468810879509
-2.45908675987715463762
-2.44569035322765637730
-2.43222894389131116810
-2.41870367648223227874
-2.40511573107643084057
-2.39146632317272889168
-2.37775670361353430593
-2.36398815846388021811
-2.35016200884717862962
-2.33627961073609347054
-2.32234235469701344456
-2.30835166558658100300
-2.29430900219878486368
-2.28021585686115146885
-2.26607375497860230595
-2.25188425452361107304
-2.23764894547132398017
-2.22336944917838597036
-2.20904741770427914815
-2.19468453307405209074
-2.18028250648141685986
-2.16584307743127535417
-2.15136801282083522935
-2.13685910595861638939
-2.12231817552073342981
-2.10774706444400239391
-2.09314763875555653883
-2.07852178633879169922
-2.06387141563565901237
-2.04919845428545999155
-2.03450484770051742700
-2.01979255757926345893
-2.00506356035751531763
-1.99031984559891061970
-1.97556341432570903294
-1.96079627729139849279
-1.94602045319680239110
-1.93123796685162352205
-1.91645084728364567539
-1.90166112579806800831
-1.88687083398974553283
-1.87208200171138394730
-1.85729665500104323961
-1.84251681397259048367
-1.82774449067305577721
-1.81298168691114636175
-1.79823039206147461400
-1.78349258084937578595
-1.76877021112147270188
-1.75406522160746725092
-1.73937952967890785416
-1.72471502911098872879
-1.71007358785368812626
-1.69545704581882739070
-1.68086721268987138167
-1.66630586576151018541
-1.65177474781627342537
-1.63727556504559923489
-1.62280998502292717056
-1.60837963473651290869
-1.59398609868972584991
-1.57963091707665492791
-1.56531558404083304126
-1.55104154602485522219
-1.53681020021857239755
-1.52262289311338960829
-1.50848091917001192463
-1.49438551960670529262
-1.48033788131483468042
-1.46633913590805065041
-1.45239035891104939502
-1.43849256909332301468
-1.42464672795272284667
-1.41085373935302960113
-1.39711444931899086974
-1.38342964599151918570
-1.36980005974490137710
-1.35622636346696712195
-1.34270917300221603874
-1.32924904775689389780
-1.31584649146398136033
-1.30250195310497129952
-1.28921582798421874294
-1.27598845895054657795
-1.26282013775967505431
-1.24971110656994910393
-1.23666155956278545069
-1.22367164467821876173
-1.21074146545497995930
-1.19787108296364230853
-1.18506051782057730826
-1.17230975226976275039
-1.15961873231892820257
-1.14698736991608263303
-1.13441554515217846166
-1.12190310847555529961
-1.10944988290383994567
-1.09705566621919459180
-1.08472023313320753424
-1.07244333740828223789
-1.06022471392312245264
-1.04806408067081635593
-1.03596114067907429934
-1.02391558384336178733
-1.01192708866497094178
-0.99999532388746603662
-0.98811995002639696484
-0.97630062078866108877
-0.96453698437940127430
-0.95282868469579395931
-0.94117536240850452334
-0.92957665593292171380
-0.91803220229350601667
-0.90654163788567942994
-0.89510459914061779596
-0.88372072309907800935
-0.87238964790098361135
-0.86111101319789828956
-0.84988446049575494534
-0.83870963343525961609
-0.82758617801729950081
-0.81651374278043808985
-0.80549197893722657149
-0.79452054047559650396
-0.78359908423108193265
-0.77272726993502638404
-0.76190476024334707894
-0.75113122074981264475
-0.74040631998721684326
-0.72972972941927316537
-0.71910112342555188025
-0.70852017928132771107
-0.69798657713381384582
-0.68749999997591892953
-0.67706013361838657261
-0.66666666666095186766
-0.65631929046297110553
-0.64601769911384487877
-0.63576158940345106618
-0.62555066079273202728
-0.61538461538452671196
-0.60526315789470241935
-0.59518599562361962363
-0.58515283842794307834
-0.57516339869280896924
-0.56521739130434733855
-0.55531453362255955852
-0.54545454545454541417
-0.53563714902807779694
-0.52586206896551723755
-0.51612903225806450180
-0.50643776824034336670
-0.49678800856531052377
-0.48717948717948711401
-0.47761194029850745357
-0.46808510638297873285
-0.45859872611464974623
-0.44915254237288138039
-0.43974630021141647429
-0.43037974683544300003
-0.42105263157894734505
-0.41176470588235297710
-0.40251572327044027322
-0.39330543933054396000
-0.38413361169102300252
-0.37500000000000000000
-0.36590436590436592468
-0.35684647302904565214
-0.34782608695652172948
-0.33884297520661155190
-0.32989690721649483907
-0.32098765432098763650
-0.31211498973305956683
-0.30327868852459016757
-0.29447852760736192845
-0.28571428571428569843
-0.27698574338085540925
-0.26829268292682928454
-0.25963488843813387064
-0.25101214574898783605
-0.24242424242424243097
-0.23387096774193549820
-0.22535211267605634311
-0.21686746987951810439
-0.20841683366733465554
-0.20000000000000001110
1.76933391157945152372
1.76931856786541175097
1.76929285281221382320
1.76925664958253037184
1.76920984050957486033
1.76915230781014543027
1.76908393319172319025
1.76900459818716626614
1.76891418380546383560
1.76881257082277443260
1.76869963927310891449
1.76857526959793176502
1.76843934148200787604
1.76829173412988893688
1.76813232689164578915
1.76796099862258415669
1.76777762778510805219
1.76758209272520616651
1.76737427164334803820
1.76715404256538022310
1.76692128322611097246
1.76667587080737575889
1.76641768238914664835
1.76614659518236294389
1.76586248600506223738
1.76556523118051700294
1.76525470723572652787
1.76493079004285391420
1.76459335551771800965
1.76424227996903937310
1.76387743809027597308
1.76349870531703345478
1.76310595647373702377
1.76269906671950593591
1.76227790955454111099
1.76184235967230051756
1.76139229092223104089
1.76092757623700890690
1.76044808920414652675
1.75995370178134180605
1.75944428701768629253
1.75891971630335319787
1.75837986086844466627
1.75782459198671858758
1.75725377927301451564
1.75666729279328137636
1.75606500156573019922
1.75544677376456093043
1.75481247708376031369
1.75416197798040229827
1.75349514301342424005
1.75281183674815110862
1.75211192370625212789
1.75139526680868584663
1.75066172781225759536
1.74991116793535184115
1.74914344653370790184
1.74835842226457316428
1.74755595157330390066
1.74673589032317977399
1.74589809222379699349
1.74504240992246195674
1.74416869388369377702
1.74327679286943748593
1.74236655390996020287
1.74143782173632644117
1.74049043966806493700
1.73952424777962733060
1.73853908544697333127
1.73753478766593616456
1.73651118873385712504
1.73546811971755232662
1.73440540872979909182
1.73332288133678957820
1.73222036016522906721
1.73109766548441257328
1.72995461337268352509
1.72879101733269635588
1.72760668786941096187
1.72640143167518544942
1.72517505184805486351
1.72392734794993884861
1.72265811666147783399
1.72136714970110915601
1.72005423573136795312
1.71871915912197437137
1.71736170051735825837
1.71598163596354424953
1.71457873799954541028
1.71315277407120447606
1.71170350852480623871
1.71023070016235578805
1.70873410420608706772
1.70721347111975774169
1.70566854662320110947
1.70409907256544101983
1.70250478577509056777
1.70088541904988233000
1.69924070010893046856
1.69757035252405330539
1.69587409554515033960
1.69415164360543712974
1.69240270696172956377
1.69062699166534002870
1.68882419944566208869
1.68699402753554750234
1.68513616995187476277
1.68325031550193671137
1.68133615060651209205
1.67939335673872847110
1.67742161288333591074
1.67542059399420395494
1.67338997191109228879
1.67132941595627926290
1.66923859230882953852
1.66711716492136474699
1.66496479528723284602
1.66278114283340983093
1.66056586554623208940
1.65831861969491001219
1.65603906044998439029
1.65372684275644132867
1.65138162011135136709
1.64900304672482889146
1.64659077643591444939
1.64414446390583179891
1.64166376503271749243
1.63914833682792959735
1.63659783784532919526
1.63401192928722593933
1.63139027462602825835
1.62873254028818337247
1.62603839622897794470
1.62330751619447255507
1.62053957803436787799
1.61773426452418789268
1.61489126305241370574
1.61201026693015592173
1.60909097494732122868
1.60613309227483114228
1.60313633055920945480
1.60010040876659331843
1.59702505233144620433
1.59390999544848455116
1.59075497904996154830
1.58755975309031782672
1.58432407522923313081
1.58104771226498996839
1.57773043924680678174
1.57437204068264691159
1.57097230954968836159
1.56753104810923105106
1.56404806761565851048
1.56052318827278213575
1.55695623956125928089
1.55334705900168046355
1.54969549339875811711
1.54600139770627720281
1.54226463463419349864
1.53848507495058584027
1.53466259634296875447
1.53079708349105203524
1.52688842709903838113
1.52293652360094711185
1.51894127440027659759
1.51490258492049179040
1.51082036425941623747
1.50669452403963077813
1.50252497736801160499
1.49831163842100067995
1.49405442073475569487
1.48975323701233719476
1.48540799698821501806
1.48101860717360978015
1.47658496903022751212
1.47210697880291263573
1.46758452518770354800
1.46301748832775047049
1.45840573923487681895
1.45374913782143266872
1.44904753208902548067
1.44430075705531635322
1.43950863272948481608
1.43467096445601782762
1.42978754025716625620
1.42485813079110812396
1.41988248868983646389
1.41486034619083511643
1.40979141631396487355
1.40467539065502933227
1.39951193977503862698
1.39430071239621611312
1.38904133529467799235
1.38373341274382255506
1.37837652754205919337
1.37297024022154801060
1.36751408988493494689
1.36200759487655886915
1.35645025357280246681
1.35084154493415553588
1.34518093019778461894
1.33946785411899327300
1.33370174643732752884
1.32788202360461582430
1.32200809126061358256
1.31607934568910422968
1.31009517695292743156
1.30405497080664645182
1.29795811159510776633
1.29180398541575414129
1.28559198240509431344
1.27932150038441250217
1.27299194808711035876
1.26660274735650091316
1.26015333786654082360
1.25364317887169818277
1.24707175334606290562
1.24043857024753378937
1.23374316793842808693
1.22698511706130375387
1.22016402251779254584
1.21327952607202860236
1.20633130813666866743
1.19931908980447587965
1.19224263340629477170
1.18510174393190936826
1.17789626891442367196
1.17062609846368559374
1.16329116411679933663
1.15589143820034223609
1.14842693103889814665
1.14089768900002752616
1.13330379096527877891
1.12564534451296083262
1.11792248123528281667
1.11013535191415257941
1.10228411966781436604
1.09436895529199773591
1.08639002858433286747
1.07834750162402315254
1.07024152081987722340
1.06207220848534689139
1.05383965431406068092
1.04554390630755733582
1.03718496243618574226
1.02876276158519885939
1.02027717468604350870
1.01172799689356907038
1.00311493919048189127
0.99443762190571760584
0.98569556751090203761
0.97688819558072736982
0.96801481834677360894
0.95907463751098021021
0.95006674252067568887
0.94099011025161871657
0.93184360706163715804
0.92262599147022683610
0.91333591968998462107
0.90397195279786046740
0.89453256595618313440
0.88501615937639144249
0.87542107176449235340
0.86574559554378538451
0.85598799337174114044
0.84614651748881897220
0.83621942951577921121
0.82620502220237312940
0.81610164191954481794
0.80590771221000068181
0.79562175724157668810
0.78524242574707159292
0.77476851446073169427
0.76419899019185777433
0.75353301142962436643
0.74276994755007308413
0.73190939590824655170
0.72095119632450632707
0.70989544226225120838
0.69874248846417685854
0.68749295479605621040
0.67614772552946078576
0.66470794438359348533
0.65317500492935209877
0.64155053639950665456
0.62983638461602708958
0.61803458891387208496
0.60614735490422333442
0.59417702353373158530
0.58212603750885705267
0.56999690524607160569
0.55779216370605411157
0.54551434106666363277
0.53316592003531582122
0.52074930370884686681
0.50826678460900609480
0.49572051872846145670
0.48311250574128195012
0.47044457698659414291
0.45771839207020548201
0.44493544573262511221
0.43209708574207539300
0.41920454257663308795
0.40625897159472401654
0.39326150775790225111
0.38021333290411263306
0.36711575489765735369
0.35397029799619694757
0.34077880265627413792
0.32754353332349417371
0.31426729181982260286
0.30095353352268716662
0.28760648353673801125
0.27423124926347508534
0.26083392594687193622
0.24742169131525404424
0.23400288561981108515
0.22058707338009009291
0.20718508340587504790
0.19380902403341160323
0.18047227105387797508
0.16718942664804292697
0.15397624821010391649
0.14084954720624920377
0.12782705916749814712
0.11492728697609189137
0.10216932105861664670
0.08957264111929263972
0.07715690516040829561
0.06494173278252046710
0.05294649038143112163
0.04119008665764986588
0.02969078711075387456
0.01846605625904929049
0.00753243587335805653
-0.00309453325295366843
-0.01340033979139652887
-0.02337147600885103316
-0.03299535520779622866
-0.04226017256292713409
-0.05115471228909056201
-0.05966810718914385137
-0.06778955977813526379
-0.07550803731579533440
-0.08281195609332495100
-0.08968887288735401253
-0.09612520362279290687
-0.10210599059983295478
-0.10761474021365061149
-0.11263335254280418263
-0.11714216255217818619
-0.12112010984904671151
-0.12454504988972750490
-0.12739421433267403283
-0.12964482199983287658
-0.13127483479206009109
-0.13226384516489811394
-0.13259407375746720681
-0.13225144779664554928
-0.13122672343356067692
-0.12951660863293815162
-0.12712483807037944228
-0.12406314812270002879
-0.12035209884490170873
-0.11602169109638506284
-0.11111173093070600415
-0.10567190003733564763
-0.09976150038024872435
-0.09344885296240837413
-0.08681034448480028087
-0.07992913102077681131
-0.07289352399818006811
-0.06579510000711998041
-0.05872659134672905679
-0.05177962791038481088
-0.04504241211441490506
-0.03859741631835239550
-0.03251919590133884458
-0.02687241039940372819
-0.02171013962261146915
-0.01707257149994755377
-0.01298612384734934740
-0.00946304391634676147
-0.00650150830781604048
-0.00408622270707380709
-0.00218949715488197952
-0.00077274955245954164
0.00021163084553975700
0.00081814579570599962
0.00110587528760644396
0.00113609647226853728
0.00096994315561353651
0.00066621070441793336
0.00027940139043853987
-0.00014190984382549910
-0.00055632853774855047
-0.00093047450238794975
-0.00123938196717356011
-0.00146647588873783036
-0.00160315686641499000
-0.00164804688611980017
-0.00160596383570858607
-0.00148670351282535946
-0.00130371316351044451
-0.00107274033255680672
-0.00081053526435045714
-0.00053367492751979300
-0.00025756291992341086
0.00000435676238680440
0.00024115152095913095
0.00044471416890013961
0.00060985162278421560
0.00073417408191983028
0.00081782062546216310
0.00086306359376643626
0.00087383674692315561
0.00085523120637282543
0.00081299905909008494
0.00075309792696023913
0.00068130160061678053
0.00060289287998863486
0.00052244589078772209
0.00044369708614401407
0.00036949745972830164
0.00030183355585013805
0.00024190181785289924
0.00019021962484375385
0.00014675681700746640
0.00011107326724147600
0.00008245071668383337
0.00006001023098635269
0.00004280985927883701
0.00002992006121565610
0.00002047697160746501
0.00001371545836428840
0.00000898515451123130
0.00000575324632658320
0.00000359787386850659
0.00000219567872214802
0.00000130645919464074
0.00000075719907277993
0.00000042703312627723
0.00000023408079097784
0.00000012456655762574
0.00000006427001288128
0.00000003210589075231
0.00000001550544276582
0.00000000722791009416
0.00000000324657309030
0.00000000140255870326
0.00000000058162130348
0.00000000023102476462
0.00000000008769636499
0.00000000003173508840
0.00000000001091895366
0.00000000000356175754
0.00000000000109812377
0.00000000000031893149
0.00000000000008694457
0.00000000000002216153
0.00000000000000525949
0.00000000000000115691
0.00000000000000023470
0.00000000000000004368
0.00000000000000000741
0.00000000000000000114
0.00000000000000000016
0.00000000000000000002
0.00000000000000000000
0.00000000000000000000
0.00000000000000000000
0.00000000000000000000
0.00000000000000000000
0.00000000000000000000
0.00000000000000000000
0.00000000000000000000
0.00000000000000000000
0.00000000000000000000
0.00000000000000000000
0.00000000000000000000
0.00000000000000000000
0.00000000000000000000
0.00000000000000000000
0.00000000000000000000
0.00000000000000000000
0.00000000000000000000
0.00000000000000000000
0.00000000000000000000
0.00000000000000000000
0.00000000000000000000
0.00000000000000000000
0.00000000000000000000
0.00000000000000000000
0.00000000000000000000
0.00000000000000000000
0.00000000000000000000
0.00000000000000000000
0.00000000000000000000
0.00000000000000000000
0.00000000000000000000
0.70834850437677232549
0.70834073810510744806
0.70832772162066248711
0.70830939474035403691
0.70828569664809037931
0.70825656591114238836
0.70822194044922071043
0.70818175753083778545
0.70813595379877369851
0.70808446520641155075
0.70802722707958309911
0.70796417403835221194
0.70789524005340354051
0.70782035840238677338
0.70773946167355461512
0.70765248176030581817
0.70755934986118518282
0.70745999645077972673
0.70735435131246049423
0.70724234348017489538
0.70712390126573154703
0.70699895227153319865
0.70686742332327412441
0.70672924052450980525
0.70658432920208724681
0.70643261393888678867
0.70627401854289928451
0.70610846603995014448
0.70593587868643226102
0.70575617794384015724
0.70556928447695099749
0.70537511815746256616
0.70517359803670842666
0.70496464236202882603
0.70474816856039979029
0.70452409322206221987
0.70429233210415986832
0.70405280013437732123
0.70380541138365515508
0.70355007907346589491
0.70328671557035704609
0.70301523236048524268
0.70273554008235805668
0.70244754847772128414
0.70215116641429631272
0.70184630186759022763
0.70153286191634833813
0.70121075274437316693
0.70087987962688202970
0.70054014692505006678
0.70019145808873872738
0.69983371564558183309
0.69946682119461911498
0.69909067540174874011
0.69870517799427034333
0.69831022777088946896
0.69790572256897576153
0.69749155928548134398
0.69706763386602688115
0.69663384129216865404
0.69619007559685996966
0.69573622982534288894
0.69527219607880397234
0.69479786548254196532
0.69431312817596335663
0.69381787333804822993
0.69331198915915592806
0.69279536285921494709
0.69226788066771405283
0.69172942783916369081
0.69117988863399659749
0.69061914633766718907
0.69004708324519015150
0.68946358067023538752
0.68886851893512357492
0.68826177737628313480
0.68764323436153063085
0.68701276725914794952
0.68637025245971017284
0.68571556537517608376
0.68504858045253058663
0.68436917115468531847
0.68367720997139258543
0.68297256842924980447
0.68225511709533748217
0.68152472557358123595
0.68078126252112269867
0.68002459563649608754
0.67925459168782253982
0.67847111650917213410
0.67767403499055944849
0.67686321112250880105
0.67603850795603648294
0.67519978766540589277
0.67434691151174774859
0.67347973987580189714
0.67259813225336984033
0.67170194728714704979
0.67079104275489953579
0.66986527559492969885
0.66892450190971430857
0.66796857699046086054
0.66699735531346959760
0.66601069056832784554
0.66500843566245748661
0.66399044274021434831
0.66295656319925910793
0.66190664770238072379
0.66084054619659582386
0.65975810792951961048
0.65865918146209878614
0.65754361469589639455
0.65641125488036777824
0.65526194863832643023
0.65409554198140540393
0.65291188033734215423
0.65171080855816398980
0.65049217095111089293
0.64925581128863996128
0.64800157284025772242
0.64672929839252901729
0.64543883026544790482
0.64413001034336048178
0.64280268008042185102
0.64145668055061833002
0.64009185244412947213
0.63870803611825976986
0.63730507159652916016
0.63588279860778129660
0.63444105660164495930
0.63297968478582333773
0.63149852214428392472
0.62999740746090537868
0.62847617935040034354
0.62693467627923382679
0.62537273659745551413
0.62379019856598461047
0.62218690037570922868
0.62056268018477567239
0.61891737614223529818
0.61725082641078188317
0.61556286921222636010
0.61385334283477277495
0.61212208567394554848
0.61036893627442623256
0.60859373333596522571
0.60679631576158499229
0.60497652268350066151
0.60313419349813557346
0.60126916790386530920
0.59938128592784778448
0.59747038796649576398
0.59553631482322089141
0.59357890774163024616
0.59159800845736754127
0.58959345922175998567
0.58756510286002594512
0.58551278281220220379
0.58343634317407122580
0.58133562876264477381
0.57921048515481743379
0.57706075873602458159
0.57488629678073266405
0.57268694749836868141
0.57046256009971330059
0.56821298486693194718
0.56593807322815337102
0.56363767783022922231
0.56131165262377180625
0.55895985294910133234
0.55658213562583114253
0.55417835905927859130
0.55174838331913633738
0.54929207028180826455
0.54680928373363713035
0.54429988946776575176
0.54176375546285271412
0.53920075197447658866
0.53661075172067285166
0.53399362998925425927
0.53134926483835442923
0.52867753726036426087
0.52597833133904714487
0.52325153446008698666
0.52049703749457876256
0.51771473500730280648
0.51490452549774090585
0.51206631157447191072
0.50920000024439104891
0.50630550311507249717
0.50338273668512556469
0.50043162257020412653
0.49745208780973371177
0.49444406512338900939
0.49140749322259580367
0.48834231709247433173
0.48524848830015798740
0.48212596531561757729
0.47897471382589174027
0.47579470706295978744
0.47258592612934080535
0.46934836033437932201
0.46608200753462369903
0.46278687447488664475
0.45946297712089290144
0.45611034099772496120
0.45272900153827322356
0.44931900441088146181
0.44588040585540511529
0.44241327300517241383
0.43891768418131960061
0.43539372925249608670
0.43184150988008696004
0.42826113982266633684
0.42465274521907758754
0.42101646481694388058
0.41735245023596689862
0.41366086616483244143
0.40994189058380925417
0.40619571492118211609
0.40242254421912093676
0.39862259727192395076
0.39479610672515264014
0.39094331915890734308
0.38706449516342900097
0.38315990935495847225
0.37922985038949263981
0.37527462094953989435
0.37129453772826082059
0.36728993132442155911
0.36326114620902671959
0.35920854059730800145
0.35513248635982108681
0.35103336887874547756
0.34691158692675116981
0.34276755252597013168
0.33860169079548541049
0.33441443985094565505
0.33020625063326747295
0.32597758683979805028
0.32172892480494397205
0.31746075344233304349
0.31317357422727809535
0.30886790118569251717
0.30454426095982967126
0.30020319291094210712
0.29584524927687994023
0.29147099541296483949
0.28708101007251229930
0.28267588579291214046
0.27825622933535498760
0.27382266223814610839
0.26937582140628535399
0.26491635984213246502
0.26044494743123891567
0.25596227181603126155
0.25146903935792863649
0.24696597617774784794
0.24245382926251579647
0.23793336765067607530
0.23340538364152507711
0.22887069408050564334
0.22433014163448206091
0.21978459611246137229
0.21523495574405870912
0.21068214846574306875
0.20612713310784158693
0.20157090056086701679
0.19701447479828360088
0.19245891379146939926
0.18790531028148649284
0.18335479235815554944
0.17880852384015000212
0.17426770443367090024
0.16973356962611418908
0.16520739032031173110
0.16069047217714071962
0.15618415463895019002
0.15168980965781564407
0.14720884010118240326
0.14274267782149152595
0.13829278144826950836
0.13386063385815294424
0.12944773938347964304
0.12505562077936982490
0.12068581598000438504
0.11633987470436402134
0.11201935495122139486
0.10772581945680315130
0.10346083217558987855
0.09922595485769170054
0.09502274381868502928
0.09085274695297318459
0.08671750111133480488
0.08261852989405671366
0.07855734196521990675
0.07453542994163186997
0.07055426995122271450
0.06661532188192631487
0.06272003039703410998
0.05886982672251295234
0.05506613122750703138
0.05131035676152362335
0.04760391273096814535
0.04394820983713976226
0.04034466538145603520
0.03679470901552295281
0.03329978879599915231
0.02986137734650451403
0.02648097794955275863
0.02316013032253691484
0.01990041584942178754
0.01670346201592849689
0.01357094578497353154
0.01050459565915215498
0.00750619219317463782
0.00457756672870674591
0.00172059816706818941
-0.00106279236848311892
-0.00377064908014374325
-0.00640099127641978807
-0.00895182535099490334
-0.01142115884173653360
-0.01380701636555369677
-0.01610745713118793415
-0.01832059365997193434
-0.02044461123940041411
-0.02247778757308658074
-0.02441851201448008366
-0.02626530372639092337
-0.02801682806835009004
-0.02967191052595830741
-0.03122954749332363181
-0.03268891329499833825
-0.03404936290471678728
-0.03531042994778532673
-0.03647181972782371356
-0.03753339720563622639
-0.03849517007935330387
-0.03935726735877410898
-0.04011991407944750371
-0.04078340307966776823
-0.04134806501914139315
-0.04181423807320900493
-0.04218223894742217234
-0.04245233704103550110
-0.04262473369695656683
-0.04269954852312761451
-0.04267681472609895221
-0.04255648526200583176
-0.04233845136652597541
-0.04202257468074431512
-0.04160873373307016898
-0.04109688498760692699
-0.04048713802868363076
-0.03977984374434858500
-0.03897569361947821054
-0.03807582748430066860
-0.03708194631938727809
-0.03599642603208807329
-0.03482242753381400296
-0.03356399800420459267
-0.03222615796100513491
-0.03081496870598242691
-0.02933757490876711532
-0.02780221754555535843
-0.02621821313343254689
-0.02459589619034948868
-0.02294652308430720350
-0.02128213687925583492
-0.01961539438975648184
-0.01795935835779872980
-0.01632725938849170777
-0.01473223394274337898
-0.01318704619438919312
-0.01170380282934523064
-0.01029367080809428549
-0.00896660865852526648
-0.00773112195289690687
-0.00659405321357811169
-0.00556041557253625276
-0.00463327809345291056
-0.00381370879475734703
-0.00310077915836053705
-0.00249163136960946956
-0.00198160682886476276
-0.00156443174088014589
-0.00123245297001893582
-0.00097691499391547071
-0.00078826683301044928
-0.00065648639860868205
-0.00057140888146083111
-0.00052304565672726554
-0.00050188073082779651
-0.00049913298081710061
-0.00050697427509744156
-0.00051869591401270516
-0.00052881855509818716
-0.00053314373027562505
-0.00052874804600891044
-0.00051392400418454661
-0.00048807392217972890
-0.00045156551713624546
-0.00040555923509678031
-0.00035181827327431420
-0.00029251243103402546
-0.00023002644667251073
-0.00016678239229256869
-0.00010508410732528314
-0.00004698968339828488
0.00000578417899581487
0.00005192437775864337
0.00009055077959223490
0.00012121528265181146
0.00014387468182479148
0.00015884259831404598
0.00016672641329006102
0.00016835534626427021
0.00016470557546021717
0.00015682767429366778
0.00014578072332321399
0.00013257635326153919
0.00011813478878875833
0.00010325379672254231
0.00008859038380469972
0.00007465420737126287
0.00006181100122329967
0.00005029389895967267
0.00004022035412869691
0.00003161238690399862
0.00002441809153484989
0.00001853266922133061
0.00001381765571329870
0.00001011744246502923
0.00000727260193611451
0.00000512988873414524
0.00000354907718551185
0.00000240700242312560
0.00000159929622523922
0.00000104035878114924
0.00000066209698799422
0.00000041190533830931
0.00000025028388242770
0.00000014839452938051
0.00000008576458710596
0.00000004826388739646
0.00000002641441575213
0.00000001404115546259
0.00000000723939205902
0.00000000361480919100
0.00000000174521162076
0.00000000081326209137
0.00000000036510141218
0.00000000015758456951
0.00000000006524966117
0.00000000002585706268
0.00000000000978152970
0.00000000000352259381
0.00000000000120406917
0.00000000000038937927
0.00000000000011871647
0.00000000000003399570
0.00000000000000910609
0.00000000000000227145
0.00000000000000052509
0.00000000000000011191
0.00000000000000002186
0.00000000000000000389
0.00000000000000000063
0.00000000000000000009
0.00000000000000000001
0.00000000000000000000
0.00000000000000000000
0.00000000000000000000
0.00000000000000000000
0.00000000000000000000
0.00000000000000000000
0.00000000000000000000
0.00000000000000000000
0.00000000000000000000
0.00000000000000000000
0.00000000000000000000
0.00000000000000000000
0.00000000000000000000
0.00000000000000000000
0.00000000000000000000
0.00000000000000000000
0.00000000000000000000
0.00000000000000000000
0.00000000000000000000
0.00000000000000000000
0.00000000000000000000
0.00000000000000000000
0.00000000000000000000
0.00000000000000000000
0.00000000000000000000
0.00000000000000000000
0.00000000000000000000
0.00000000000000000000
0.00000000000000000000
-1.43078173492176574655
-1.43077587007792317308
-1.43076604116140515544
-1.43075220356513455044
-1.43073431284938124008
-1.43071232438524020836
-1.43068619364930782467
-1.43065587592900556047
-1.43062132655541063286
-1.43058250094145478215
-1.43053935427997203078
-1.43049184201299794950
-1.43043991942795400973
-1.43038354182135662995
-1.43032266460249957163
-1.43025724323888425715
-1.43018723304703598842
-1.43011258961632847786
-1.43003326839425426442
-1.42994922487014264334
-1.42986041476797254290
-1.42976679370622150600
-1.42966831731064303312
-1.42956494139070855454
-1.42945662177589838393
-1.42934331424658012111
-1.42922497469953668769
-1.42910155903882696293
-1.42897302330857201014
-1.42883932342192565557
-1.42870041537753422745
-1.42855625516676809639
-1.42840679886467114557
-1.42825200248989858665
-1.42809182185010286048
-1.42792621304215572309
-1.42775513193191727623
-1.42757853421244362835
-1.42739637570957711432
-1.42720861190173309296
-1.42701519836919032969
-1.42681609038481838070
-1.42661124292499152943
-1.42640061104975757189
-1.42618414930802828167
-1.42596181209773931187
-1.42573355341664864682
-1.42549932699694181792
-1.42525908611787599511
-1.42501278373129025567
-1.42476037221786100417
-1.42450180343439569697
-1.42423702869928092696
-1.42396599882340524346
-1.42368866377910308074
-1.42340497292207146529
-1.42311487484221288469
-1.42281831724721996579
-1.42251524703533505090
-1.42220561007161450107
-1.42188935130798199680
-1.42156641441761166789
-1.42123674218419182580
-1.42090027602171176113
-1.42055695596536679659
-1.42020672095168265514
-1.41984950829646550119
-1.41948525372754374985
-1.41911389157576195430
-1.41873535431659547612
-1.41834957274113548920
-1.41795647575236216653
-1.41755599052157776896
-1.41714804194634780288
-1.41673255282876198180
-1.41630944401003944222
-1.41587863389941048808
-1.41544003841954690870
-1.41499357133034209255
-1.41453914361045463011
-1.41407666364466422237
-1.41360603712200827431
-1.41312716699030715972
-1.41263995316148793790
-1.41214429260071483441
-1.41164007919360301457
-1.41112720375531353056
-1.41060555369585927110
-1.41007501317290007137
-1.40953546304990595672
-1.40898678050871239975
-1.40842883928962692153
-1.40786150953499600291
-1.40728465760730614420
-1.40669814619195676642
-1.40610183409535238752
-1.40549557632857613498
-1.40487922393185726833
-1.40425262395001482219
-1.40361561950612667715
-1.40296804973968392005
-1.40230974951828102348
-1.40164054968590789940
-1.40096027726121974410
-1.40026875470175582450
-1.39956580073612713022
-1.39885122986015630886
-1.39812485227503202623
-1.39738647443937225034
-1.39663589867814152967
-1.39587292317537503550
-1.39509734232888149563
-1.39430894659108162159
-1.39350752247446507681
-1.39269285296359157655
-1.39186471711855119793
-1.39102289073434803868
-1.39016714574336219812
-1.38929725109392165905
-1.38841297222188586602
-1.38751407152267347556
-1.38660030841310799588
-1.38567143950876925373
-1.38472721878679294605
-1.38376739753766742069
-1.38279172480815759627
-1.38179994752135826275
-1.38079181049033650197
-1.37976705694654810941
-1.37872542817240173463
-1.37766666435527440626
-1.37659050432921503671
-1.37549668596329865977
-1.37438494632351648761
-1.37325502193925785832
-1.37210664888516475912
-1.37093956307944608852
-1.36975350067132239928
-1.36854819777272496140
-1.36732339103491540300
-1.36607881790678220568
-1.36481421641656197608
-1.36352932562567730201
-1.36222388591977505712
-1.36089763872041658033
-1.35955032713627588237
-1.35818169559615853359
-1.35679149042107383139
-1.35537945950727589661
-1.35394535246587111033
-1.35248892106210405473
-1.35100991863873787224
-1.34950810040163560188
-1.34798322345250198850
-1.34643504658515666961
-1.34486333021231985185
-1.34326783614324085647
-1.34164832758096963516
-1.34000456887588370591
-1.33833632507912625442
-1.33664336193123745034
-1.33492544537148205563
-1.33318234121134082670
-1.33141381479663323262
-1.32961963043135256157
-1.32779955086925838259
-1.32595333693552674958
-1.32408074700424549519
-1.32218153599387733266
-1.32025545512169628637
-1.31830225106659781886
-1.31632166508097725455
-1.31431343251665566640
-1.31227728179965197342
-1.31021293356116075302
-1.30812009990677324822
-1.30599848362953707692
-1.30384777693143405486
-1.30166766084948903881
-1.29945780417506284721
-1.29721786239269931684
-1.29494747702574386494
-1.29264627431189182971
-1.29031386461656438769
-1.28794984136993662105
-1.28555377994075570314
-1.28312523728595806460
-1.28066375062030601839
-1.27816883687296467542
-1.27563999197514021944
-1.27307669015704050253
-1.27047838319924721873
-1.26784450011462013208
-1.26517444673049794801
-1.26246760526964862947
-1.25972333389063351206
-1.25694096700419777335
-1.25411981499610192259
-1.25125916431113637373
-1.24835827793720000045
-1.24541639545725502103
-1.24243273383626728901
-1.23940648789368879079
-1.23633683144396400166
-1.23322291771654590775
-1.23006388110530906488
-1.22685883779985260844
-1.22360688782032411837
-1.22030711593635032841
-1.21695859396032801669
-1.21356038211308714381
-1.21011153119690106905
-1.20661108454442000948
-1.20305808041737805070
-1.19945155372388967407
-1.19579053886320707534
-1.19207407199277781729
-1.18830119303905235029
-1.18447094844884759368
-1.18058239342887816292
-1.17663459455619090477
-1.17262663156428459388
-1.16855759980504103623
-1.16442661244121126174
-1.16023280200575129584
-1.15597532247571876951
-1.15165335041665883864
-1.14726608649457695321
-1.14281275639592294624
-1.13829261152531557855
-1.13370492930762623018
-1.12904901326867701528
-1.12432419253790527591
-1.11952982129522382593
-1.11466527746318888603
-1.10972996111146215981
-1.10472329251373224679
-1.09964470955488025083
-1.09449366519281454657
-1.08926962388126469250
-1.08397205796924822607
-1.07860044386264064542
-1.07315425754438820150
-1.06763296970264320862
-1.06203604142480401151
-1.05636291846745677958
-1.05061302653915333849
-1.04478576568536141167
-1.03888050554675714920
-1.03289657986229599373
-1.02683328158504139083
-1.02068985864610795034
-1.01446550941842872362
-1.00815937935097110767
-1.00177055764825695405
-0.99529807527829916580
-0.98874090323573682326
-0.98209795215109352284
-0.97536807266811820227
-0.96855005715916320241
-0.96164264238316121691
-0.95464451366461844373
-0.94755430994745637463
-0.94037063081970728717
-0.93309204416047464292
-0.92571709567933879725
-0.91824431940059980661
-0.91067224948670144613
-0.90299943328410847698
-0.89522444521884381174
-0.88734590165994120525
-0.87936247645129839157
-0.87127291704044296239
-0.86307606062004538217
-0.85477085067969582610
-0.84635635292084998582
-0.83783177080904991385
-0.82919646028116034131
-0.82044994332686371763
-0.81159192000448143745
-0.80262227873718572368
-0.79354110456829118903
-0.78434868506493771179
-0.77504551376604879920
-0.76563229065552995678
-0.75610991996928511583
-0.74647950487407577214
-0.73674233918111120545
-0.72689989606033478253
-0.71695381397652369060
-0.70690587993581210924
-0.69675801056669506295
-0.68651223107893954989
-0.67617065309331536582
-0.66573545127397704135
-0.65520884014576186161
-0.64459305118001442025
-0.63389031139546769822
-0.62310282395812777168
-0.61223275197329085628
-0.60128220603291904212
-0.59025323652206163061
-0.57914783137543635050
-0.56796792005115648294
-0.55671538426666478117
-0.54539207600386196972
-0.53399984287871737898
-0.52254056126431747131
-0.51101617662003917530
-0.49942875101569983443
-0.48778051685341661248
-0.47607393611730308702
-0.46431176368310911329
-0.45249711348669652278
-0.44063352559006163656
-0.42872503244533660682
-0.41677622199482095011
-0.40479229567211771901
-0.39277911891184336124
-0.38074326183742479568
-0.36869202820022578537
-0.35663347050326132948
-0.34457638975712090446
-0.33253031854423942271
-0.32050548670279699337
-0.30851276944016559067
-0.29656361824998822563
-0.28466997583684905404
-0.27284417686610873410
-0.26109883711371784099
-0.24944673437378434011
-0.23790068494419724932
-0.22647342028158809479
-0.21517746864599968104
-0.20402504689581912878
-0.19302796765978771920
-0.18219756680599472065
-0.17154465580393515878
-0.16107950280436189594
-0.15081184525007912400
-0.14075093563068008518
-0.13090562045171164063
-0.12128445084359947004
-0.11189582135168114896
-0.10274813159704566934
-0.09384996355317140604
-0.08521026542168591567
-0.07683853151243284774
-0.06874496627957098205
-0.06094061984056466791
-0.05343748201035971451
-0.04624852222496315945
-0.03938766371606548106
-0.03286968205403810461
-0.02671002064008982588
-0.02092451888829046855
-0.01552905264632460473
-0.01053909069359584318
-0.00596917582641387067
-0.00183234380957908341
0.00186050178132120356
0.00510123647440126685
0.00788515746128652661
0.01021159286160158546
0.01208444705273018990
0.01351265112139399954
0.01451048870688239137
0.01509777038435429486
0.01529983425906921053
0.01514735655816052545
0.01467596351920780889
0.01392564452594739072
0.01293997583855894563
0.01176517396972561955
0.01044900724643875109
0.00903960281856028280
0.00758419377386965014
0.00612785657525597577
0.00471229228591865234
0.00337470564766424340
0.00214683380689380645
0.00105417128999870453
0.00011542984189918572
-0.00065773873082232534
-0.00126074103813098091
-0.00169576004678856037
-0.00197120501348132041
-0.00210092005599693847
-0.00210319096839229778
-0.00199960085179758974
-0.00181379335446727754
-0.00157020720111817648
-0.00129284685168462956
-0.00100415141507996172
-0.00072401746723260415
-0.00046902156065385496
-0.00025187558569156804
-0.00008113357769185559
0.00003884696514906349
0.00010770162762564470
0.00012864015647207430
0.00010785092022604184
0.00005377684444821065
-0.00002368336147864978
-0.00011399299631475401
-0.00020676049172024276
-0.00029243979778260449
-0.00036290864336536836
-0.00041189628150401349
-0.00043524471692897045
-0.00043100019294557018
-0.00039934389823224171
-0.00034238154078491972
-0.00026381988985059896
-0.00016856409089160306
-0.00006227225203247443
0.00004909651277863506
0.00015970746305866791
0.00026422125834999768
0.00035808985439159471
0.00043776441877597737
0.00050081053104537117
0.00054593354097044885
0.00057292347590203743
0.00058253388165419148
0.00057631219927340186
0.00055640065651683447
0.00052532629590081026
0.00048579692375361845
0.00044051680420883013
0.00039203225345224655
0.00034261333772480187
0.00029417403548976837
0.00024822981437606120
0.00020588883145397852
0.00016787102517614951
0.00013454826454574500
0.00010599840502783855
0.00008206645383788148
0.00006242690870872390
0.00004664252428069857
0.00003421610223963488
0.00002463323945643522
0.00001739517977952798
0.00001204191588438211
0.00000816643325636022
0.00000542147004239809
0.00000352040366851438
0.00000223390709913936
0.00000138389465367602
0.00000083605255740081
0.00000049197255486803
0.00000028161967464595
0.00000015659892941334
0.00000008446064273811
0.00000004411021825965
0.00000002226699504045
0.00000001084361142139
0.00000000508343242090
0.00000000228883312230
0.00000000098733339275
0.00000000040694202577
0.00000000015978859590
0.00000000005958246085
0.00000000002102538271
0.00000000000699490554
0.00000000000218496453
0.00000000000063794108
0.00000000000017324425
0.00000000000004352584
0.00000000000001005751
0.00000000000000212366
0.00000000000000040687
0.00000000000000007018
0.00000000000000001080
0.00000000000000000147
0.00000000000000000018
0.00000000000000000002
0.00000000000000000000
0.00000000000000000000
0.00000000000000000000
0.00000000000000000000
0.00000000000000000000
0.00000000000000000000
0.00000000000000000000
0.00000000000000000000
0.00000000000000000000
0.00000000000000000000
0.00000000000000000000
0.00000000000000000000
0.00000000000000000000
0.00000000000000000000
0.00000000000000000000
0.00000000000000000000
0.00000000000000000000
0.00000000000000000000
0.00000000000000000000
0.00000000000000000000
0.00000000000000000000
0.00000000000000000000
